%x y p+1/2*ht2.rho*spf.U*spf.U 8
-16.558699 -14.476607 102717.683959
-18.279350 -13.049561 101593.809480
-20.000000 -11.622514 100701.565067
-15.999999 -13.331154 102311.996892
-17.720649 -11.904107 101283.171917
-15.441298 -12.185700 101975.675083
-14.394943 -14.892587 102492.077240
-13.836242 -13.747134 102144.625013
-12.231186 -15.308567 102362.076888
-11.926850 -17.654283 101610.037231
-11.622514 -20.000000 100978.851156
-14.033626 -16.190634 102549.278350
-13.729290 -18.536350 101802.367691
-15.836067 -17.072700 102857.268734
-16.197383 -15.774654 102778.787036
-20.000000 -15.650199 102617.053830
-20.000000 -13.636356 101573.899790
-18.279350 -15.063403 102623.411066
-17.918033 -16.361450 102684.935153
-15.644984 -20.000000 102502.949477
-15.740525 -18.536350 102636.064844
-13.633749 -20.000000 101661.981032
-20.000000 -17.825099 102636.956727
-17.918033 -18.536350 102648.324363
-20.000000 -20.000000 102993.473478
-17.822492 -20.000000 102602.251554
-11.622514 20.000000 100522.957242
-11.913866 17.692801 100416.134384
-12.205219 15.385602 100627.647208
-13.584621 20.000000 101419.087594
-13.875974 17.692801 101302.449563
-15.546728 20.000000 102614.722919
-16.049447 18.072986 102204.939275
-16.552166 16.145972 102190.438674
-17.773364 20.000000 102453.172522
-18.276083 18.072986 102348.390883
-20.000000 20.000000 102674.271227
-14.378692 15.765787 101339.454744
-20.000000 15.581421 102861.848282
-20.000000 17.790711 102576.780125
-18.276083 15.863697 102347.618998
-18.067830 14.157060 101504.951606
-19.033915 14.869241 102088.201423
-17.309998 15.151516 101812.283943
-15.951015 14.181472 101210.414923
-13.777542 13.801287 100546.305001
-15.349864 12.216972 100496.683182
-16.708847 13.187016 100896.212484
-19.033915 12.889787 100837.832218
-20.000000 11.622514 100309.025065
-20.000000 13.601967 101408.615026
-17.674932 11.919743 100301.168902
6.539928 6.678820 102011.907602
7.312847 5.077719 101728.943117
8.085767 3.476619 101531.705351
5.256330 5.409111 102388.543409
6.029250 3.808011 102206.266032
3.972733 4.139403 102964.317450
4.935503 7.397775 101849.493677
3.651906 6.128066 102308.197285
3.331079 8.116730 101739.012269
4.909531 1.189137 102491.635724
6.497649 2.332878 101992.289645
6.637239 0.255900 101537.983104
8.225357 1.399641 101061.347730
8.364947 -0.677337 100750.540688
4.441132 2.664270 102686.928213
1.250479 5.528927 102623.563939
0.444896 6.950193 101479.513748
-0.360687 8.371460 100577.418969
2.290779 6.822828 102147.230126
1.485196 8.244095 101048.636655
2.611606 4.834165 102768.697876
-0.100516 5.373620 102220.448214
-1.451510 5.218314 101954.612893
-0.906099 6.794887 101234.408782
-2.847742 6.551399 101465.372523
-4.243975 7.884485 101059.415582
-2.302331 8.127972 100796.002605
7.516923 -5.306122 101006.880525
5.655531 -3.922934 101462.587073
3.794139 -2.539746 101974.084855
7.940935 -2.991730 100812.697420
6.079543 -1.608542 101306.879791
4.351835 -0.675305 102075.778694
2.642376 1.345744 102469.530280
2.084680 -0.518697 102194.786953
0.375220 1.502351 102625.148305
2.173977 2.820877 102623.808188
0.812849 3.515639 102512.749135
-0.538145 3.360332 102234.414568
-0.294566 -3.745581 102442.173069
0.040327 -1.121615 102214.390939
1.749787 -3.142664 102024.956273
-2.981050 4.087833 101757.488999
-4.510591 2.957352 101822.437598
-4.377283 5.420918 101375.676800
-2.067685 2.229852 102088.401214
-7.516923 5.306122 101124.710613
-5.880449 6.595303 101069.448691
-6.013757 4.131737 101453.550314
5.689634 -6.651264 100883.447718
3.862345 -7.996405 100796.300974
3.828242 -5.268075 101312.655192
1.783889 -5.870993 101487.952148
-3.967837 -1.083784 102627.032976
-1.796309 0.209284 102247.204738
-2.131202 -2.414682 102471.312017
-4.239214 0.936784 102069.222778
-1.220476 -8.344641 100869.785307
-0.757521 -6.045111 101607.254990
1.320935 -8.170523 100744.876180
-3.616737 -4.839585 102849.668169
-1.955652 -4.292583 102590.882250
-2.418607 -6.592113 101774.043489
-3.792287 -2.961684 102697.772992
-6.440852 1.669427 100956.518259
-8.371113 0.381503 100173.816693
-7.944018 2.843812 100604.840996
-6.169475 -0.351140 101262.763668
-8.129967 -1.924185 100845.615163
-5.928329 -2.656828 102139.708213
-7.888821 -4.229872 101790.476251
-5.752779 -4.534729 102264.760329
-5.672529 -7.330605 102399.070578
-6.780675 -5.780239 102085.607678
-4.644633 -6.085095 102575.612837
-3.446502 -7.837623 101585.577820
17.681793 -14.742965 102039.543446
18.840897 -13.182739 101164.930322
20.000000 -11.622514 100462.372548
18.840897 -15.146639 102375.887770
20.000000 -13.586413 101512.880960
20.000000 -15.550313 102835.788247
17.519816 -16.080178 102226.841572
18.678919 -16.483852 102514.168611
17.357838 -17.417391 102479.872522
18.678919 -18.708695 102509.955201
20.000000 -17.775156 102515.185505
20.000000 -20.000000 102626.036741
16.565228 -13.464047 101562.879578
15.448663 -12.185130 101186.142079
17.724332 -11.903822 100724.556520
16.263339 -15.704985 101850.000355
14.844885 -16.667005 101864.630440
15.146774 -14.426067 101492.690380
16.101362 -17.042198 102122.524714
16.502748 -18.708695 102431.972935
17.823829 -20.000000 102548.572592
15.647657 -20.000000 102756.618375
15.246271 -18.333503 102188.928438
12.248699 -15.257365 100612.323551
13.848681 -13.721248 100886.254014
13.546792 -15.962185 101170.507198
13.635085 -20.000000 101427.923639
11.622514 -20.000000 100353.719121
13.233699 -18.333503 101015.215717
11.935606 -17.628683 100349.353636
20.000000 15.561168 102494.024031
17.832855 16.359945 102689.473813
15.665711 17.158722 102984.558212
20.000000 17.780584 102559.104219
17.832855 18.579361 102722.880587
20.000000 20.000000 102934.922638
15.604195 20.000000 102641.325038
17.802098 20.000000 102671.345060
15.634953 18.579361 102770.506636
13.613354 20.000000 101834.234190
13.644112 18.579361 101968.598383
11.622514 20.000000 101123.515226
16.678422 14.383771 102821.295731
16.172067 15.771247 102888.142436
18.339211 14.972470 102616.112423
20.000000 13.591841 101570.600315
20.000000 11.622514 100809.007817
18.339211 13.003142 101688.776566
12.222622 15.333257 102161.387991
11.922568 17.666629 101586.084321
13.944166 16.245990 102514.967271
14.450522 14.858514 102448.257400
15.392493 12.203405 101980.254338
13.807557 13.768331 102045.167758
16.035458 13.293588 102351.626041
17.696246 11.912959 101342.050489
