%x y p+1/2*ht2.rho*spf.U*spf.U 8
-15.298396 -12.234387 106011.286773
-16.002195 -13.318845 107207.943941
-16.705994 -14.403303 108470.285833
-13.759862 -13.785606 105972.760703
-14.463661 -14.870064 107177.018652
-12.221328 -15.336825 105982.303565
-15.685155 -17.008986 109573.556040
-13.953242 -16.172905 107721.503697
-16.195575 -15.706145 109012.434088
-18.352997 -13.012908 107285.619994
-17.649198 -11.928450 106109.524854
-20.000000 -11.622514 106320.843220
-11.921921 -17.668412 106030.137907
-13.653834 -18.504493 107773.368942
-11.622514 -20.000000 106198.784200
-15.634326 -20.000000 109741.387495
-13.628420 -20.000000 107890.135677
-15.659741 -18.504493 109611.880022
-20.000000 -15.651406 109671.776371
-18.352997 -15.027355 109029.495856
-20.000000 -13.636960 107909.318284
-17.842578 -16.330196 109567.566091
-20.000000 -17.825703 109980.160738
-20.000000 -20.000000 110631.190561
-17.842578 -18.504493 109816.740007
-17.817163 -20.000000 110037.422764
-14.153677 17.461693 107326.518252
-12.888095 18.730847 106476.674471
-11.622514 20.000000 105807.495652
-14.705452 18.730847 108016.408786
-13.439870 20.000000 107208.677071
-15.257227 20.000000 108871.544641
-11.858964 17.023518 105861.809570
-11.740739 18.511759 105774.250885
-13.006320 17.242606 106555.463603
-17.164549 17.365236 109213.603877
-16.210888 18.682618 108900.332050
-18.582275 18.682618 109768.280552
-17.628613 20.000000 109449.353701
-20.000000 20.000000 110419.005685
-18.582275 16.559174 109041.222826
-20.000000 17.876556 109657.900445
-20.000000 15.753112 109256.744091
-15.659113 17.413464 108239.807736
-16.963447 16.038766 108332.696034
-18.381173 15.232704 108217.760174
-16.762345 14.712296 107507.960526
-15.458011 16.086995 107373.543706
-12.397317 15.477709 105847.198697
-13.544673 15.696796 106527.110050
-12.935670 13.931900 105862.489480
-14.849007 14.322098 106650.253562
-15.908685 12.059809 105795.889971
-14.422177 12.995854 105824.432353
-16.335515 13.386052 106587.283108
-20.000000 13.687813 107297.052897
-20.000000 11.622514 105693.614658
-18.381173 13.167405 106489.547061
-17.954342 11.841161 105668.112079
4.992270 3.373075 108603.908951
6.674266 2.161975 107547.253919
8.356262 0.950875 106662.756969
6.254596 4.339599 107375.336442
7.936593 3.128499 106403.359345
7.516923 5.306122 106230.883768
5.738579 6.637694 106335.108386
3.960235 7.969266 106479.826656
4.476253 5.671171 107496.348383
8.156064 -3.105330 105735.613719
6.554116 -2.883966 106762.992229
4.952167 -2.662601 107817.782201
7.527094 -4.699660 105657.588462
5.925146 -4.478296 106699.234507
6.898124 -6.293990 105631.294723
5.846246 -0.367778 107934.142341
7.001155 -1.736554 106795.033205
7.101254 0.291549 107287.300812
8.256163 -1.077228 106151.520556
5.399207 -1.515189 107831.386116
5.419258 1.502649 108174.475958
4.394784 -0.225795 108458.452492
2.943322 -0.083813 109014.881479
3.947745 -1.373207 108371.834129
3.967796 1.644631 108693.892117
1.188662 4.068187 108956.924759
2.574449 6.018726 107660.063368
0.115438 6.212108 107486.347674
1.501225 8.162648 106237.443382
-0.957786 8.356030 106236.306996
3.090466 3.720631 108741.301409
2.065992 1.992187 108904.681557
3.946486 -7.970114 105802.047762
5.422305 -7.132052 105705.009204
3.686680 -6.536707 106570.798602
5.162499 -5.698645 106494.383911
3.426873 -5.103300 107373.185933
4.189520 -3.882951 107573.164644
2.467769 -5.509760 107279.488217
1.508664 -5.916219 107264.100936
2.727575 -6.943166 106494.771833
1.325524 -4.400079 108025.837327
2.284628 -3.993619 108068.160724
1.142383 -2.883939 108831.804937
3.047275 -2.773270 108249.512136
2.042852 -1.483876 108777.461808
-1.066720 1.019063 109024.744075
0.938301 0.467625 108945.318121
0.060971 2.543625 108836.547240
0.037831 -0.932438 108836.841232
-3.172562 4.584871 107655.238242
-2.065174 6.470450 106898.022484
-4.329615 6.008010 106775.153573
-3.222227 7.893589 106047.663612
-5.486668 7.431149 105921.562710
-0.991950 4.326529 108170.686003
-2.119641 2.801967 108287.521433
-6.656670 5.928026 105960.744174
-7.826672 4.424903 106039.462295
-5.499617 4.504887 106809.816388
0.737264 -7.145054 106572.410587
-0.034136 -8.373890 105915.799414
1.956175 -8.172002 105802.086930
-0.943302 -5.699201 107501.234781
-0.488719 -7.036545 106686.084128
0.282681 -5.807710 107359.144395
0.099540 -4.291570 108109.742402
-4.492957 1.526109 107896.277776
-3.832760 3.055490 107680.007351
-6.159815 2.975506 106915.613188
-2.779839 1.272586 108387.082641
-2.228580 -4.358236 107979.788665
-1.185738 -2.950605 108557.738853
-3.513858 -3.017271 108553.369218
-4.003408 -0.745581 108099.812643
-2.290289 -0.999104 108528.889274
-6.432846 0.639419 106758.903985
-8.099703 2.088816 105824.838805
-8.372734 -0.247270 105693.448398
-5.943296 -1.632271 106957.369323
-2.574990 -6.797617 106489.777043
-4.206677 -7.896034 105537.033070
-2.120407 -8.134962 105696.087743
-3.860268 -5.456653 106978.300444
-7.516923 -5.306122 105546.933943
-5.861800 -6.601078 105527.978992
-5.515390 -4.161697 106995.461711
-7.944828 -2.776696 105510.577511
17.150796 -17.205228 109361.194593
18.575398 -18.602614 109875.762310
20.000000 -20.000000 110486.420779
18.575398 -16.371119 109249.700537
20.000000 -17.768505 109744.137041
20.000000 -15.537010 109440.946743
16.364548 -18.602614 109105.680849
15.578300 -20.000000 109221.796102
17.789150 -20.000000 109709.462123
20.000000 -13.579762 107531.933794
20.000000 -11.622514 105898.475547
18.534945 -14.928581 108460.093862
18.534945 -12.971333 106698.627580
17.069889 -14.320152 107672.071077
17.110343 -15.762690 108491.672862
16.326986 -11.970788 106045.217651
16.698438 -13.145470 106836.263467
18.163493 -11.796651 105909.577726
14.999364 -15.929241 107549.810390
16.075080 -16.567235 108417.163158
16.034627 -15.124696 107553.957362
14.557122 -17.735132 107691.725163
15.067711 -18.867566 108385.041712
15.853959 -17.470180 108460.125339
14.778243 -16.832186 107606.694601
13.089818 -18.867566 106676.307412
11.622514 -20.000000 105783.635402
13.600407 -20.000000 107377.548736
14.884221 -12.650444 105880.261539
13.441456 -13.330101 105725.916721
15.255673 -13.825126 106661.251333
14.220410 -14.629671 106602.718751
13.495147 -16.076199 106652.121857
12.716193 -14.776629 105774.053547
11.990930 -16.223157 105838.710989
13.274026 -16.979144 106699.841767
11.806722 -18.111579 105732.125263
20.000000 15.638173 109608.268999
20.000000 17.819087 110113.191092
20.000000 20.000000 110923.716828
17.915328 16.372064 109526.319320
17.915328 18.552977 109995.915161
15.830655 17.105955 109539.313515
15.635978 20.000000 109735.067749
15.733317 18.552977 109593.734813
17.817989 20.000000 110212.165111
13.629246 20.000000 108084.349816
11.622514 20.000000 106532.353256
13.726584 18.552977 107948.214470
18.271318 15.069194 108932.428173
16.542636 14.500216 108346.246125
20.000000 13.630343 107758.738932
18.271318 13.061365 107080.941085
20.000000 11.622514 106074.707950
16.186645 15.803085 108929.339665
12.201980 15.395598 105941.937262
14.016318 16.250776 107681.271193
11.912247 17.697799 106182.025044
14.372308 14.947907 107101.858044
15.966811 13.351844 106809.039496
15.390986 12.203472 105370.820754
17.695493 11.912993 105669.227934
13.796483 13.799535 105630.059987
