%x y p+1/2*ht2.rho*spf.U*spf.U 8
-16.213395 8.018854 100277.468160
-14.798691 7.314250 100338.345955
-13.383988 6.609646 100402.697063
-16.432150 6.427681 100403.205494
-15.017446 5.723077 100460.964526
-16.650905 4.836508 100546.559062
-18.106697 8.196377 100181.987905
-18.325453 6.605205 100301.960264
-20.000000 8.373901 100111.426257
-12.685977 5.188572 100320.311823
-11.987966 3.767499 100248.588550
-14.319436 4.302004 100383.756935
-16.670728 3.352322 100515.417474
-14.339259 2.817817 100361.176811
-16.690551 1.868135 100491.634581
-18.325453 4.485154 100489.407501
-18.345276 3.000967 100463.146234
-20.000000 4.133799 100452.346858
-20.000000 6.253850 100269.576262
-11.805327 1.940233 100114.560168
-11.622689 0.112968 100007.572507
-14.156620 0.990552 100217.104350
-16.827983 0.281119 100423.116219
-14.294052 -0.596465 100188.629282
-16.965414 -1.305897 100390.748245
-18.345276 0.814664 100428.630088
-20.000000 -0.238808 100452.798790
-20.000000 1.947496 100420.162545
-18.482707 -0.772353 100409.208728
-11.976298 -3.706007 100061.436705
-13.657758 -3.762397 100157.114696
-15.339217 -3.818786 100261.201107
-11.799494 -1.796520 100027.463500
-13.480953 -1.852909 100125.871668
-16.152316 -2.562342 100317.295010
-12.719187 -5.195737 100107.252242
-13.462075 -6.685467 100155.430201
-14.400646 -5.252127 100205.206489
-16.639242 -4.685419 100284.490976
-17.939267 -5.552052 100331.613429
-17.452341 -3.428975 100332.049303
-20.000000 -2.334709 100430.045550
-18.482707 -2.868254 100365.695814
-20.000000 -4.430611 100457.697981
-18.969633 -4.991331 100386.522632
-14.892161 -7.364865 100162.483820
-16.322247 -8.044262 100170.480324
-15.830732 -5.931524 100212.446655
-17.130757 -6.798157 100242.631709
-18.969633 -6.962976 100195.309606
-18.161123 -8.209081 100113.887283
-20.000000 -8.373901 100080.029696
-20.000000 -6.402256 100251.201194
8.056679 -16.378080 100175.973618
6.863519 -16.790300 100297.773756
5.670358 -17.202519 100435.487342
7.415773 -14.969129 100274.761155
6.222613 -15.381348 100403.152318
6.774867 -13.560177 100385.875883
8.215290 -18.189040 100126.365597
8.373901 -20.000000 100088.939770
7.022129 -18.601259 100243.742840
3.949001 -12.024925 100289.894264
3.269340 -14.011779 100379.287619
2.589679 -15.998632 100484.449961
2.030756 -11.823859 100188.246636
1.351095 -13.810712 100272.225734
0.112511 -11.622792 100097.594783
5.361934 -12.792551 100333.611930
4.682273 -14.779404 100423.759464
4.130019 -16.600575 100456.631548
5.008266 -18.601259 100431.869197
6.360038 -20.000000 100257.778677
4.346174 -20.000000 100442.827044
3.467927 -17.999316 100452.765424
-0.542906 -13.998242 100234.129258
-1.198322 -16.373692 100391.960918
-1.825475 -11.804936 100086.986958
-2.480892 -14.180386 100234.794867
-3.763461 -11.987080 100104.623760
0.695678 -16.186162 100415.237369
2.169484 -20.000000 100407.262637
-0.007206 -20.000000 100427.129272
1.291237 -17.999316 100407.992874
-0.602764 -18.186846 100394.535207
-4.485507 -16.196480 100319.638834
-4.124484 -14.091780 100205.172949
-2.841914 -16.285086 100344.779833
-6.693615 -13.466613 100175.699056
-5.228538 -12.726847 100137.645022
-5.589561 -14.831546 100245.253135
-2.181907 -20.000000 100422.985280
-4.356608 -20.000000 100490.661967
-2.777465 -18.186846 100373.774059
-4.421057 -18.098240 100368.899161
-5.454236 -16.616517 100274.444880
-6.422965 -17.036554 100235.430672
-6.558290 -15.251583 100201.914211
-5.389787 -18.518277 100340.124212
-8.046478 -16.332256 100148.781402
-7.370046 -14.899435 100160.709697
-7.234722 -16.684405 100190.100097
-7.398433 -18.518277 100167.100026
-6.365254 -20.000000 100282.736560
-8.373901 -20.000000 100113.987949
-8.210189 -18.166128 100123.509909
8.028523 16.253985 100053.130592
7.132270 16.558616 100106.741597
6.236016 16.863247 100169.532831
8.201212 18.126992 100063.981563
7.304959 18.431624 100133.035898
8.373901 20.000000 100106.304722
5.237759 18.431624 100276.840399
4.239502 20.000000 100435.253980
6.306701 20.000000 100258.169041
7.339174 14.839113 100095.247601
6.649826 13.424242 100141.405097
6.442921 15.143745 100151.560276
5.147988 16.212131 100229.621461
4.059959 15.561015 100299.592924
4.149730 17.780508 100338.520639
5.354892 14.492629 100212.952726
-0.404901 20.000000 100440.930228
1.917300 20.000000 100399.620309
0.279452 17.907067 100402.241994
2.601653 17.907067 100341.934118
0.963805 15.814135 100387.310668
2.511882 15.687575 100328.635759
-6.531829 16.938867 100422.831968
-7.452865 18.469434 100227.936708
-8.373901 20.000000 100075.766579
-5.627208 18.469434 100443.058440
-6.548243 20.000000 100259.827288
-4.722586 20.000000 100477.135695
-5.574547 16.436335 100478.270531
-4.669926 17.966901 100497.096975
-4.617266 15.933803 100538.556808
-3.127181 15.995245 100509.508674
-3.179841 18.028343 100475.505546
-1.637096 16.056687 100489.518104
-1.020999 18.028343 100435.821710
-0.336646 15.935411 100426.479743
-2.563744 20.000000 100432.212451
5.248561 12.713881 100141.374584
3.847295 12.003520 100142.973724
3.953627 13.782267 100216.263924
2.405550 13.908827 100244.972340
0.387235 13.718709 100235.749228
-0.189336 11.623284 100110.865099
-0.913216 13.839985 100282.177543
1.828980 11.813402 100105.154617
-8.071944 16.456511 100263.927495
-8.222923 18.228256 100157.513930
-7.301887 16.697689 100339.236232
-7.417419 15.001661 100359.347450
-6.647361 15.242839 100436.362481
-6.762893 13.546810 100464.595048
-5.690079 14.740306 100492.694751
-5.444862 12.806266 100364.230718
-4.372048 13.999762 100391.126930
-4.126831 12.065721 100276.217995
-2.158084 11.844502 100191.380873
-2.881964 14.061204 100368.326362
20.000000 4.386140 100478.128431
18.497901 4.946031 100382.587651
16.995803 5.505923 100319.297824
20.000000 6.380020 100259.152677
18.497901 6.939912 100187.491168
20.000000 8.373901 100080.524721
16.136695 7.999954 100104.300441
18.068348 8.186927 100080.531190
16.566249 6.752939 100201.733965
17.340756 3.351451 100363.601337
17.168279 4.428687 100340.499548
18.670378 3.868795 100401.688614
18.670378 1.680319 100392.206845
20.000000 2.197664 100425.550416
20.000000 0.009187 100450.274747
14.639311 7.176671 100156.359389
15.068864 5.929656 100255.198567
13.141926 6.353388 100215.974354
14.937039 3.593541 100308.180019
14.039483 4.973465 100259.272098
15.966421 4.549732 100303.779341
16.138897 3.472496 100328.775228
16.262506 2.018935 100331.113126
17.592128 0.347803 100380.402749
15.184256 0.686419 100347.702786
15.060648 2.139980 100318.712981
20.000000 -4.373964 100451.801657
20.000000 -6.373932 100264.113532
20.000000 -8.373901 100099.019868
18.402387 -4.951537 100448.664991
18.402387 -6.951505 100264.112581
16.804775 -5.529110 100463.006946
18.030715 -3.379104 100444.361899
16.061430 -2.384244 100458.545572
20.000000 -2.182388 100427.648725
18.030715 -1.187528 100415.106643
15.622843 -0.848912 100390.350236
16.433102 -3.956677 100456.327253
15.766898 -7.896514 100272.645105
16.285836 -6.712812 100359.719604
17.883449 -8.135207 100178.726826
13.388637 3.212750 100185.943394
11.840234 2.831960 100079.881332
12.491080 4.592674 100145.271781
13.512245 1.759190 100199.075008
13.442534 -0.540311 100258.042566
11.700811 -1.767040 100184.036255
11.770523 0.532460 100112.839558
13.881121 -2.075642 100310.575760
12.190103 -3.723988 100297.149714
14.370413 -4.032589 100429.300544
12.679395 -5.680935 100428.801757
14.223147 -6.788724 100345.270939
14.742085 -5.605022 100437.680465
