%x y p+1/2*ht2.rho*spf.U*spf.U 8
-17.110156 5.791231 101419.000103
-18.555078 7.082566 101203.203648
-20.000000 8.373901 101022.402640
-18.555078 5.069445 101510.988997
-20.000000 6.360780 101308.358760
-20.000000 4.347659 101617.231400
-16.443190 8.070669 100980.878866
-16.776673 6.930950 101195.494406
-14.997686 7.419179 100979.587975
-15.331169 6.279460 101191.630771
-13.552183 6.767689 100982.223801
-18.221595 8.222285 100990.664345
-12.066850 4.131436 101052.430655
-13.977000 3.425907 101302.159677
-15.887151 2.720379 101565.869597
-11.845336 2.184801 101044.735061
-13.755486 1.479273 101284.882008
-11.623821 0.238167 101064.783513
-12.809516 5.449562 101013.078482
-14.719667 4.744034 101261.716186
-16.498653 4.255805 101489.177674
-17.943575 3.534019 101582.264552
-20.000000 2.174991 101640.799549
-20.000000 0.002323 101724.367177
-17.943575 1.361351 101601.897079
-20.000000 -4.344289 101582.357501
-17.836901 -3.354819 101444.908973
-15.673802 -2.365349 101403.106992
-20.000000 -2.170983 101625.124117
-17.836901 -1.181513 101550.611894
-13.648812 -1.063591 101227.650001
-15.780477 0.177515 101450.809991
-17.054562 -5.778345 101278.101914
-18.527281 -5.061317 101413.455505
-18.527281 -7.076123 101136.298815
-20.000000 -6.359095 101281.589000
-20.000000 -8.373901 101017.108056
-16.364182 -4.071847 101329.258764
-16.427244 -8.066638 101037.725065
-16.740903 -6.922491 101155.042897
-18.213622 -8.220270 101016.425441
-14.934398 -7.367047 101036.643269
-13.441552 -6.667455 101036.757117
-15.248057 -6.222900 101151.932399
-14.557677 -4.516402 101210.481608
-12.000818 -3.828322 101019.475492
-11.812320 -1.795078 101034.178023
-13.837310 -3.096836 101202.405799
-12.721185 -5.247889 101026.968112
5.928701 -16.994130 101377.643640
5.064730 -18.497065 101500.915973
4.200758 -20.000000 101640.319952
7.151301 -18.497065 101204.016870
6.287330 -20.000000 101344.380140
8.373901 -20.000000 101064.734222
8.031154 -16.265209 100982.443824
6.979927 -16.629669 101173.685058
8.202527 -18.132604 101016.984614
7.362110 -14.867700 100957.735566
6.693066 -13.470192 100944.526507
6.310883 -15.232161 101154.697043
-2.429148 -16.366214 101493.866188
-3.449258 -18.183107 101505.205548
-4.469368 -20.000000 101621.852440
-1.319183 -18.183107 101605.303615
-2.339293 -20.000000 101650.932095
-0.209219 -20.000000 101746.831835
4.559600 -16.216834 101443.754830
3.190498 -15.439538 101515.575412
3.695628 -17.719769 101565.608500
4.941782 -14.454865 101222.157100
1.995770 -20.000000 101663.812836
1.490639 -17.719769 101576.466685
3.905845 -12.015539 101027.677626
3.548172 -13.727538 101266.043120
5.299455 -12.742866 100982.041213
-1.254382 -15.756393 101462.626334
-0.144418 -17.573286 101571.391044
-0.079617 -15.146571 101446.766743
-3.100779 -14.177071 101251.256598
-1.926014 -13.567250 101218.035275
-3.772411 -11.987928 101026.388671
1.555441 -15.293055 101469.005147
0.130633 -11.622692 101059.902111
-1.820889 -11.805310 101028.469379
0.025508 -13.384632 101248.405922
2.018239 -11.819116 101038.307786
1.660565 -13.531115 101271.165857
-4.688443 -16.273681 101336.290479
-3.558795 -16.319948 101410.300668
-4.230427 -14.130805 101174.078050
-4.578905 -18.136841 101444.312897
-6.384866 -16.985343 101213.577208
-7.379383 -18.492672 101114.444385
-8.373901 -20.000000 101031.536567
-5.427117 -18.492672 101394.639787
-6.421634 -20.000000 101307.596016
-7.222125 -16.687985 101121.177391
-8.059384 -16.390627 101032.770461
-8.216642 -18.195314 101024.307938
-5.536654 -16.629512 101272.517061
-6.737687 -13.515664 101046.948429
-5.713065 -14.894673 101189.292909
-5.255049 -12.751796 101034.048893
-7.398536 -14.953146 101038.236701
-6.561276 -15.250504 101126.745291
6.334216 16.990048 101151.384547
7.187061 16.646561 101070.484166
8.039905 16.303074 100999.017244
7.354059 18.495024 101084.486657
8.206903 18.151537 100997.207190
8.373901 20.000000 101026.934282
7.354797 14.874146 101021.319989
6.501953 15.217633 101095.210539
6.669690 13.445218 101047.664936
4.348251 16.109074 101338.928707
5.508971 14.777146 101185.154351
5.341234 16.549561 101241.540714
5.279271 18.495024 101354.470934
6.299113 20.000000 101304.908365
4.224325 20.000000 101608.808310
4.286288 18.054537 101450.013560
-5.870398 17.102645 101431.357402
-5.172113 18.551322 101542.404596
-4.473828 20.000000 101666.971534
-7.122149 18.551322 101196.873580
-6.423864 20.000000 101321.567497
-8.373901 20.000000 101009.706284
-8.070117 16.440575 100933.770189
-6.970257 16.771610 101176.918940
-8.222009 18.220288 100958.953560
5.198468 12.712776 101052.618933
4.037748 14.044705 101192.653772
3.727245 11.980335 101059.710119
-0.190336 20.000000 101806.002063
0.438576 18.138382 101693.420918
1.067489 16.276763 101599.959094
2.016994 20.000000 101671.488310
2.645907 18.138382 101542.973529
2.707870 16.192919 101453.932029
2.397367 14.128549 101311.772777
-3.561088 17.964208 101638.216309
-2.648348 15.928416 101626.277714
-2.332082 20.000000 101708.912367
-1.419342 17.964208 101675.396820
-4.259373 16.515531 101525.262092
-0.790430 16.102590 101591.911236
-0.170286 11.623133 101084.417731
1.778479 11.801734 101051.220834
0.448601 13.949948 101325.827786
-1.409317 13.775775 101335.797336
-7.428300 15.006948 100947.610291
-6.786484 13.573320 100971.208464
-6.328441 15.337982 101192.313182
-4.717416 14.750868 101285.746194
-3.983570 12.032313 101056.180537
-2.076928 11.827723 101068.243648
-3.315959 13.980365 101327.155354
-5.385027 12.802817 101007.018005
16.752945 -6.144304 101318.960538
18.376472 -7.259102 101183.402889
20.000000 -8.373901 101073.022613
18.376472 -5.257122 101470.673330
20.000000 -6.371921 101344.944637
20.000000 -4.369941 101640.195013
16.082803 -7.986155 100960.939245
18.041402 -8.180028 101011.043566
16.417874 -7.065229 101135.071439
20.000000 0.000967 101701.644370
18.089778 -0.174980 101610.469104
16.179555 -0.350927 101553.553352
20.000000 -2.184487 101646.890527
18.089778 -2.360434 101582.407307
16.103320 -4.940205 101389.884157
17.726848 -4.053024 101541.189660
15.453696 -3.736106 101466.169385
15.816626 -2.043517 101498.773697
14.599574 -7.156073 100938.691086
14.934644 -6.235147 101116.120731
13.116344 -6.325991 100923.691501
14.285020 -5.031049 101187.885972
20.000000 4.371220 101614.707632
18.126415 3.592639 101495.840524
16.252829 2.814059 101452.525396
20.000000 2.186093 101618.393559
18.126415 1.407513 101563.681638
16.216192 1.231566 101486.286393
20.000000 6.372560 101292.419292
20.000000 8.373901 101011.730085
18.514677 5.028957 101445.374139
18.514677 7.030297 101149.272693
17.029354 5.686693 101310.353123
16.095442 7.987494 101006.167559
16.562398 6.837093 101149.037078
18.047721 8.180697 100996.549434
16.641091 4.250376 101375.128454
14.525316 7.053903 101021.359129
12.955190 6.120312 101044.013704
14.992272 5.903503 101164.448256
14.604010 4.467186 101242.088433
11.716124 1.915072 101073.737956
13.984477 2.364566 101249.066890
12.335657 4.017692 101054.133661
13.947840 0.782072 101296.655405
11.783402 -0.485742 101071.546234
11.850681 -2.886557 101100.842036
14.015118 -1.618742 101316.338602
12.483512 -4.606274 101007.284307
13.652188 -3.311332 101276.413341
