%x y p 8
-16.558699 -14.476607 100137.684200
-18.279350 -13.049561 99722.567148
-20.000000 -11.622514 99307.450096
-15.999999 -13.331154 100176.389127
-17.720649 -11.904107 99761.272075
-15.441298 -12.185700 100215.094053
-14.394943 -14.892587 100260.614785
-13.836242 -13.747134 100299.319711
-12.231186 -15.308567 100383.545369
-11.926850 -17.654283 99975.649157
-11.622514 -20.000000 99567.752945
-14.033626 -16.190634 100266.382843
-13.729290 -18.536350 99858.486630
-15.836067 -17.072700 100149.220316
-16.197383 -15.774654 100143.452258
-20.000000 -15.650199 100152.069193
-20.000000 -13.636356 99729.759645
-18.279350 -15.063403 100144.876696
-17.918033 -16.361450 100150.644754
-15.644984 -20.000000 100223.625091
-15.740525 -18.536350 100186.422703
-13.633749 -20.000000 99895.689018
-20.000000 -17.825099 100604.218037
-17.918033 -18.536350 100602.793599
-20.000000 -20.000000 101056.366882
-17.822492 -20.000000 100639.995987
-11.622514 20.000000 99575.477977
-11.913866 17.692801 99686.187421
-12.205219 15.385602 99796.896866
-13.584621 20.000000 99890.083181
-13.875974 17.692801 100000.792626
-15.546728 20.000000 100204.688386
-16.049447 18.072986 100293.021389
-16.552166 16.145972 100381.354391
-17.773364 20.000000 100459.975319
-18.276083 18.072986 100548.308322
-20.000000 20.000000 100715.262253
-14.378692 15.765787 100089.125629
-20.000000 15.581421 100258.555797
-20.000000 17.790711 100486.909025
-18.276083 15.863697 100319.955094
-18.067830 14.157060 100144.919529
-19.033915 14.869241 100201.737663
-17.309998 15.151516 100263.136960
-15.951015 14.181472 100159.008579
-13.777542 13.801287 99866.779816
-15.349864 12.216972 99936.662766
-16.708847 13.187016 100040.791148
-19.033915 12.889787 99795.070136
-20.000000 11.622514 99445.220743
-20.000000 13.601967 99851.888270
-17.674932 11.919743 99690.941754
6.539928 6.678820 100525.646453
7.312847 5.077719 100056.011984
8.085767 3.476619 99586.377515
5.256330 5.409111 100293.882356
6.029250 3.808011 99824.247887
3.972733 4.139403 100062.118259
4.935503 7.397775 100174.439414
3.651906 6.128066 99942.675317
3.331079 8.116730 99823.232374
4.909531 1.189137 100224.737811
6.497649 2.332878 99905.557663
6.637239 0.255900 99897.262337
8.225357 1.399641 99578.082188
8.364947 -0.677337 99569.786862
4.441132 2.664270 100143.428035
1.250479 5.528927 100089.140340
0.444896 6.950193 99722.802588
-0.360687 8.371460 99356.464836
2.290779 6.822828 99956.186357
1.485196 8.244095 99589.848605
2.611606 4.834165 100075.629300
-0.100516 5.373620 100121.963782
-1.451510 5.218314 100154.787224
-0.906099 6.794887 99755.626030
-2.847742 6.551399 100019.881352
-4.243975 7.884485 99884.975481
-2.302331 8.127972 99620.720158
7.516923 -5.306122 99900.965439
5.655531 -3.922934 100162.383826
3.794139 -2.539746 100423.802213
7.940935 -2.991730 99735.376150
6.079543 -1.608542 99996.794538
4.351835 -0.675305 100324.270012
2.642376 1.345744 100553.935463
2.084680 -0.518697 100653.467664
0.375220 1.502351 100883.133114
2.173977 2.820877 100472.625687
0.812849 3.515639 100486.136727
-0.538145 3.360332 100518.960169
-0.294566 -3.745581 100334.804408
0.040327 -1.121615 100608.968761
1.749787 -3.142664 100379.303311
-2.981050 4.087833 100228.051851
-4.510591 2.957352 100301.316477
-4.377283 5.420918 100093.145979
-2.067685 2.229852 100592.224796
-7.516923 5.306122 99954.649943
-5.880449 6.595303 99919.812712
-6.013757 4.131737 100127.983210
5.689634 -6.651264 99797.610086
3.862345 -7.996405 99694.254733
3.828242 -5.268075 100059.028473
1.783889 -5.870993 100014.529571
-3.967837 -1.083784 100250.452808
-1.796309 0.209284 100566.792961
-2.131202 -2.414682 100292.628608
-4.239214 0.936784 100275.884642
-1.220476 -8.344641 99268.034129
-0.757521 -6.045111 99801.419269
1.320935 -8.170523 99481.144431
-3.616737 -4.839585 100120.885563
-1.955652 -4.292583 100227.844985
-2.418607 -6.592113 99694.459846
-3.792287 -2.961684 100185.669185
-6.440852 1.669427 99713.218112
-8.371113 0.381503 99125.119746
-7.944018 2.843812 99539.884845
-6.169475 -0.351140 99687.786277
-8.129967 -1.924185 99683.835444
-5.928329 -2.656828 100246.501974
-7.888821 -4.229872 100242.551141
-5.752779 -4.534729 100181.718352
-5.672529 -7.330605 100609.731823
-6.780675 -5.780239 100426.141482
-4.644633 -6.085095 100365.308693
-3.446502 -7.837623 99938.882976
17.681793 -14.742965 100190.017708
18.840897 -13.182739 99758.570792
20.000000 -11.622514 99327.123875
18.840897 -15.146639 100182.037385
20.000000 -13.586413 99750.590469
20.000000 -15.550313 100174.057062
17.519816 -16.080178 100314.361603
18.678919 -16.483852 100306.381280
17.357838 -17.417391 100438.705497
18.678919 -18.708695 100586.682265
20.000000 -17.775156 100454.358048
20.000000 -20.000000 100734.659034
16.565228 -13.464047 100052.417450
15.448663 -12.185130 99914.817191
17.724332 -11.903822 99620.970533
16.263339 -15.704985 100207.403447
14.844885 -16.667005 100224.789186
15.146774 -14.426067 100069.803189
16.101362 -17.042198 100331.747342
16.502748 -18.708695 100354.062371
17.823829 -20.000000 100502.039139
15.647657 -20.000000 100269.419245
15.246271 -18.333503 100247.104215
12.248699 -15.257365 99780.717306
13.848681 -13.721248 99847.767249
13.546792 -15.962185 100002.753246
13.635085 -20.000000 99845.436345
11.622514 -20.000000 99421.453446
13.233699 -18.333503 99823.121316
11.935606 -17.628683 99601.085376
20.000000 15.561168 100124.124909
17.832855 16.359945 100176.666576
15.665711 17.158722 100229.208243
20.000000 17.780584 100556.790740
17.832855 18.579361 100609.332407
20.000000 20.000000 100989.456571
15.604195 20.000000 100285.614178
17.802098 20.000000 100637.535375
15.634953 18.579361 100257.411211
13.613354 20.000000 99942.847057
13.644112 18.579361 99914.644090
11.622514 20.000000 99600.079936
16.678422 14.383771 100186.803375
16.172067 15.771247 100208.005809
18.339211 14.972470 100155.464142
20.000000 13.591841 99826.259877
20.000000 11.622514 99528.394845
18.339211 13.003142 99857.599110
12.222622 15.333257 100235.801057
11.922568 17.666629 99917.940497
13.944166 16.245990 100232.504650
14.450522 14.858514 100211.302216
15.392493 12.203405 100408.052588
13.807557 13.768331 100321.926823
16.035458 13.293588 100297.427982
17.696246 11.912959 99968.223717
