%x y p 8
-15.298396 -12.234387 104243.434727
-16.002195 -13.318845 105070.258533
-16.705994 -14.403303 105897.082338
-13.759862 -13.785606 104109.821302
-14.463661 -14.870064 104936.645108
-12.221328 -15.336825 103976.207877
-15.685155 -17.008986 106857.684488
-13.953242 -16.172905 105416.946183
-16.195575 -15.706145 106377.383413
-18.352997 -13.012908 105398.985863
-17.649198 -11.928450 104572.162057
-20.000000 -11.622514 104900.889387
-11.921921 -17.668412 104368.857764
-13.653834 -18.504493 105809.596069
-11.622514 -20.000000 104761.507651
-15.634326 -20.000000 107423.078577
-13.628420 -20.000000 106092.293114
-15.659741 -18.504493 107140.381533
-20.000000 -15.651406 107161.530590
-18.352997 -15.027355 106529.306464
-20.000000 -13.636960 106031.209989
-17.842578 -16.330196 107009.607539
-20.000000 -17.825703 107909.886813
-20.000000 -20.000000 108658.243036
-17.842578 -18.504493 107757.963762
-17.817163 -20.000000 108040.660807
-14.153677 17.461693 105979.424657
-12.888095 18.730847 105410.925342
-11.622514 20.000000 104842.426027
-14.705452 18.730847 106273.956295
-13.439870 20.000000 105705.456980
-15.257227 20.000000 106568.487934
-11.858964 17.023518 105137.281336
-11.740739 18.511759 104989.853681
-13.006320 17.242606 105558.352996
-17.164549 17.365236 107398.870851
-16.210888 18.682618 106983.679393
-18.582275 18.682618 107911.311471
-17.628613 20.000000 107496.120012
-20.000000 20.000000 108423.752090
-18.582275 16.559174 107029.371386
-20.000000 17.876556 107541.812005
-20.000000 15.753112 106659.871920
-15.659113 17.413464 106689.147754
-16.963447 16.038766 106787.694993
-18.381173 15.232704 106418.195528
-16.762345 14.712296 106176.519135
-15.458011 16.086995 106077.971896
-12.397317 15.477709 105155.470542
-13.544673 15.696796 105576.542203
-12.935670 13.931900 105173.659749
-14.849007 14.322098 105675.089442
-15.908685 12.059809 105239.421070
-14.422177 12.995854 105206.540409
-16.335515 13.386052 105707.970103
-20.000000 13.687813 105736.828602
-20.000000 11.622514 104813.785284
-18.381173 13.167405 105495.152210
-17.954342 11.841161 105026.603177
4.992270 3.373075 106025.282734
6.674266 2.161975 105644.061912
8.356262 0.950875 105262.841090
6.254596 4.339599 105334.921191
7.936593 3.128499 104953.700369
7.516923 5.306122 104644.559649
5.738579 6.637694 104658.011185
3.960235 7.969266 104671.462722
4.476253 5.671171 105348.372728
8.156064 -3.105330 104663.450455
6.554116 -2.883966 105528.661295
4.952167 -2.662601 106393.872136
7.527094 -4.699660 104624.250329
5.925146 -4.478296 105489.461169
6.898124 -6.293990 104585.050203
5.846246 -0.367778 106319.648400
7.001155 -1.736554 105491.549428
7.101254 0.291549 105791.244745
8.256163 -1.077228 104963.145773
5.399207 -1.515189 106356.760268
5.419258 1.502649 106172.465567
4.394784 -0.225795 106818.407039
2.943322 -0.083813 107317.165678
3.947745 -1.373207 106855.518907
3.967796 1.644631 106671.224206
1.188662 4.068187 106726.129730
2.574449 6.018726 105698.796226
0.115438 6.212108 105872.912811
1.501225 8.162648 104845.579307
-0.957786 8.356030 105019.695891
3.090466 3.720631 106375.706232
2.065992 1.992187 107021.647704
3.946486 -7.970114 104685.904902
5.422305 -7.132052 104635.477552
3.686680 -6.536707 105373.038076
5.162499 -5.698645 105322.610726
3.426873 -5.103300 106060.171250
4.189520 -3.882951 106227.021693
2.467769 -5.509760 105899.591096
1.508664 -5.916219 105739.010942
2.727575 -6.943166 105212.457922
1.325524 -4.400079 106435.242113
2.284628 -3.993619 106595.822266
1.142383 -2.883939 107131.473283
3.047275 -2.773270 106762.672709
2.042852 -1.483876 107224.319481
-1.066720 1.019063 107409.288397
0.938301 0.467625 107363.227038
0.060971 2.543625 107067.709063
0.037831 -0.932438 107270.380840
-3.172562 4.584871 106158.152436
-2.065174 6.470450 105588.924164
-4.329615 6.008010 105486.554254
-3.222227 7.893589 104917.325982
-5.486668 7.431149 104814.956072
-0.991950 4.326529 106442.141083
-2.119641 2.801967 106783.720416
-6.656670 5.928026 104877.089704
-7.826672 4.424903 104939.223337
-5.499617 4.504887 105548.687887
0.737264 -7.145054 105101.967413
-0.034136 -8.373890 104464.923883
1.956175 -8.172002 104575.414392
-0.943302 -5.699201 105573.730496
-0.488719 -7.036545 105019.327190
0.282681 -5.807710 105656.370719
0.099540 -4.291570 106352.601890
-4.492957 1.526109 106224.469785
-3.832760 3.055490 106191.311111
-6.159815 2.975506 105581.846561
-2.779839 1.272586 106816.879091
-2.228580 -4.358236 105808.370854
-1.185738 -2.950605 106587.242247
-3.513858 -3.017271 106043.011211
-4.003408 -0.745581 106133.740498
-2.290289 -0.999104 106726.149804
-6.432846 0.639419 105426.864181
-8.099703 2.088816 104784.240957
-8.372734 -0.247270 104629.258577
-5.943296 -1.632271 105336.134894
-2.574990 -6.797617 104758.864125
-4.206677 -7.896034 103943.997753
-2.120407 -8.134962 104204.460818
-3.860268 -5.456653 104993.504482
-7.516923 -5.306122 104036.338798
-5.861800 -6.601078 103990.168276
-5.515390 -4.161697 105039.675005
-7.944828 -2.776696 104332.798688
17.150796 -17.205228 107353.119952
18.575398 -18.602614 107956.585591
20.000000 -20.000000 108560.051230
18.575398 -16.371119 107045.112744
20.000000 -17.768505 107648.578383
20.000000 -15.537010 106737.105536
16.364548 -18.602614 107038.875843
15.578300 -20.000000 106724.631735
17.789150 -20.000000 107642.341483
20.000000 -13.579762 105739.647101
20.000000 -11.622514 104742.188665
18.534945 -14.928581 106353.534947
18.534945 -12.971333 105356.076511
17.069889 -14.320152 105969.964357
17.110343 -15.762690 106661.542154
16.326986 -11.970788 104863.329674
16.698438 -13.145470 105416.647016
18.163493 -11.796651 104802.759170
14.999364 -15.929241 105958.407855
16.075080 -16.567235 106655.763903
16.034627 -15.124696 105964.186106
14.557122 -17.735132 106069.941535
15.067711 -18.867566 106397.286635
15.853959 -17.470180 106711.530743
14.778243 -16.832186 106014.174695
13.089818 -18.867566 105452.009312
11.622514 -20.000000 104834.077089
13.600407 -20.000000 105779.354412
14.884221 -12.650444 104805.453452
13.441456 -13.330101 104747.577230
15.255673 -13.825126 105358.770793
14.220410 -14.629671 105352.992542
13.495147 -16.076199 105519.004443
12.716193 -14.776629 104913.589130
11.990930 -16.223157 105079.601031
13.274026 -16.979144 105574.771283
11.806722 -18.111579 104956.839060
20.000000 15.638173 107212.805712
20.000000 17.819087 108077.530804
20.000000 20.000000 108942.255896
17.915328 16.372064 106985.156973
17.915328 18.552977 107849.882065
15.830655 17.105955 106757.508234
15.635978 20.000000 107342.198794
15.733317 18.552977 107049.853514
17.817989 20.000000 108142.227345
13.629246 20.000000 106161.433402
11.622514 20.000000 104980.668011
13.726584 18.552977 105869.088122
18.271318 15.069194 106446.936391
16.542636 14.500216 105681.067069
20.000000 13.630343 105991.569929
18.271318 13.061365 105225.700608
20.000000 11.622514 104770.334146
16.186645 15.803085 106219.287652
12.201980 15.395598 103996.659424
14.016318 16.250776 105377.083829
11.912247 17.697799 104488.663718
14.372308 14.947907 104838.863247
15.966811 13.351844 104725.469474
15.390986 12.203472 103769.871879
17.695493 11.912993 104270.103013
13.796483 13.799535 103883.265652
