%x y p 8
-16.213395 8.018854 99967.500764
-14.798691 7.314250 100033.456792
-13.383988 6.609646 100099.412820
-16.432150 6.427681 100001.393887
-15.017446 5.723077 100067.349915
-16.650905 4.836508 100035.287010
-18.106697 8.196377 99914.932168
-18.325453 6.605205 99948.825291
-20.000000 8.373901 99862.363573
-12.685977 5.188572 100048.280122
-11.987966 3.767499 99997.147424
-14.319436 4.302004 100016.217217
-16.670728 3.352322 100039.941415
-14.339259 2.817817 100020.871622
-16.690551 1.868135 100044.595819
-18.325453 4.485154 100040.350434
-18.345276 3.000967 100045.004839
-20.000000 4.133799 100045.413858
-20.000000 6.253850 99953.888715
-11.805327 1.940233 99934.536074
-11.622689 0.112968 99871.924724
-14.156620 0.990552 99958.260272
-16.827983 0.281119 100064.927579
-14.294052 -0.596465 99978.592032
-16.965414 -1.305897 100085.259339
-18.345276 0.814664 100105.725153
-20.000000 -0.238808 100166.854487
-20.000000 1.947496 100106.134172
-18.482707 -0.772353 100126.056913
-11.976298 -3.706007 99936.716626
-13.657758 -3.762397 99988.065024
-15.339217 -3.818786 100039.413421
-11.799494 -1.796520 99904.320675
-13.480953 -1.852909 99955.669073
-16.152316 -2.562342 100062.336380
-12.719187 -5.195737 99960.740870
-13.462075 -6.685467 99984.765114
-14.400646 -5.252127 100012.089268
-16.639242 -4.685419 100033.301729
-17.939267 -5.552052 100027.190036
-17.452341 -3.428975 100056.224688
-20.000000 -2.334709 100106.469591
-18.482707 -2.868254 100065.672017
-20.000000 -4.430611 100046.084694
-18.969633 -4.991331 100036.637365
-14.892161 -7.364865 99981.349742
-16.322247 -8.044262 99977.934371
-15.830732 -5.931524 100008.673896
-17.130757 -6.798157 100002.562203
-18.969633 -6.962976 99953.275487
-18.161123 -8.209081 99928.647654
-20.000000 -8.373901 99879.360938
-20.000000 -6.402256 99962.722816
8.056679 -16.378080 99941.646827
6.863519 -16.790300 99970.147773
5.670358 -17.202519 99998.648720
7.415773 -14.969129 100000.773695
6.222613 -15.381348 100029.274641
6.774867 -13.560177 100059.900563
8.215290 -18.189040 99903.945563
8.373901 -20.000000 99866.244299
7.022129 -18.601259 99932.446509
3.949001 -12.024925 99978.921779
3.269340 -14.011779 100002.877550
2.589679 -15.998632 100026.833321
2.030756 -11.823859 99926.516274
1.351095 -13.810712 99950.472045
0.112511 -11.622792 99874.110770
5.361934 -12.792551 100019.411171
4.682273 -14.779404 100043.366942
4.130019 -16.600575 100012.741020
5.008266 -18.601259 100027.573515
6.360038 -20.000000 99961.371305
4.346174 -20.000000 100056.498311
3.467927 -17.999316 100041.665816
-0.542906 -13.998242 99982.235699
-1.198322 -16.373692 100090.360628
-1.825475 -11.804936 99905.639694
-2.480892 -14.180386 100013.764623
-3.763461 -11.987080 99937.168618
0.695678 -16.186162 100058.596974
2.169484 -20.000000 100096.335810
-0.007206 -20.000000 100136.173310
1.291237 -17.999316 100081.503315
-0.602764 -18.186846 100113.266969
-4.485507 -16.196480 100042.398217
-4.124484 -14.091780 99989.783417
-2.841914 -16.285086 100066.379422
-6.693615 -13.466613 99966.224204
-5.228538 -12.726847 99951.696411
-5.589561 -14.831546 100004.311210
-2.181907 -20.000000 100088.390075
-4.356608 -20.000000 100040.606841
-2.777465 -18.186846 100065.483735
-4.421057 -18.098240 100041.502529
-5.454236 -16.616517 100021.523295
-6.422965 -17.036554 100000.648373
-6.558290 -15.251583 99983.436289
-5.389787 -18.518277 100020.627607
-8.046478 -16.332256 99968.443031
-7.370046 -14.899435 99967.333618
-7.234722 -16.684405 99984.545702
-7.398433 -18.518277 99951.120731
-6.365254 -20.000000 99971.099965
-8.373901 -20.000000 99901.593088
-8.210189 -18.166128 99935.018060
8.028523 16.253985 99948.069545
7.132270 16.558616 99973.896657
6.236016 16.863247 99999.723769
8.201212 18.126992 99932.394897
7.304959 18.431624 99958.222009
8.373901 20.000000 99916.720249
5.237759 18.431624 100018.670050
4.239502 20.000000 100037.616331
6.306701 20.000000 99977.168290
7.339174 14.839113 99961.043812
6.649826 13.424242 99974.018078
6.442921 15.143745 99986.870924
5.147988 16.212131 100019.721829
4.059959 15.561015 100039.719888
4.149730 17.780508 100038.668110
5.354892 14.492629 100006.868983
-0.404901 20.000000 100145.135860
1.917300 20.000000 100091.376096
0.279452 17.907067 100096.923961
2.601653 17.907067 100043.164196
0.963805 15.814135 100048.712061
2.511882 15.687575 100044.215975
-6.531829 16.938867 99980.333151
-7.452865 18.469434 99914.492726
-8.373901 20.000000 99848.652300
-5.627208 18.469434 100007.934465
-6.548243 20.000000 99942.094040
-4.722586 20.000000 100035.535779
-5.574547 16.436335 99998.031394
-4.669926 17.966901 100025.632708
-4.617266 15.933803 100015.729637
-3.127181 15.995245 100025.121514
-3.179841 18.028343 100035.024585
-1.637096 16.056687 100034.513391
-1.020999 18.028343 100089.824625
-0.336646 15.935411 100041.612726
-2.563744 20.000000 100090.335819
5.248561 12.713881 99966.735764
3.847295 12.003520 99959.453450
3.953627 13.782267 99999.586669
2.405550 13.908827 100004.082756
0.387235 13.718709 99967.111965
-0.189336 11.623284 99885.511869
-0.913216 13.839985 99960.012630
1.828980 11.813402 99922.482659
-8.071944 16.456511 99965.308626
-8.222923 18.228256 99906.980463
-7.301887 16.697689 99972.820889
-7.417419 15.001661 100026.315416
-6.647361 15.242839 100033.827678
-6.762893 13.546810 100087.322206
-5.690079 14.740306 100051.525921
-5.444862 12.806266 100042.027024
-4.372048 13.999762 100006.230739
-4.126831 12.065721 99996.731842
-2.158084 11.844502 99941.121855
-2.881964 14.061204 100015.622616
20.000000 4.386140 100036.000690
18.497901 4.946031 100028.379891
16.995803 5.505923 100020.759093
20.000000 6.380020 99957.022113
18.497901 6.939912 99949.401315
20.000000 8.373901 99878.043537
16.136695 7.999954 99955.206060
18.068348 8.186927 99916.624798
16.566249 6.752939 99987.982576
17.340756 3.351451 100077.605760
17.168279 4.428687 100049.182426
18.670378 3.868795 100056.803225
18.670378 1.680319 100115.443563
20.000000 2.197664 100094.641028
20.000000 0.009187 100153.281367
14.639311 7.176671 99978.627398
15.068864 5.929656 100011.403914
13.141926 6.353388 100002.048735
14.937039 3.593541 100028.154852
14.039483 4.973465 100015.101794
15.966421 4.549732 100024.456973
16.138897 3.472496 100052.880306
16.262506 2.018935 100065.899693
17.592128 0.347803 100103.737496
15.184256 0.686419 100054.193626
15.060648 2.139980 100041.174239
20.000000 -4.373964 100053.342169
20.000000 -6.373932 99956.005771
20.000000 -8.373901 99858.669373
18.402387 -4.951537 100047.073043
18.402387 -6.951505 99949.736645
16.804775 -5.529110 100040.803917
18.030715 -3.379104 100033.237082
16.061430 -2.384244 100013.131994
20.000000 -2.182388 100103.311768
18.030715 -1.187528 100083.206680
15.622843 -0.848912 100033.662810
16.433102 -3.956677 100026.967956
15.766898 -7.896514 100027.154605
16.285836 -6.712812 100033.979261
17.883449 -8.135207 99942.911989
13.388637 3.212750 99972.296417
11.840234 2.831960 99916.437982
12.491080 4.592674 99959.243359
13.512245 1.759190 99985.315804
13.442534 -0.540311 99985.027709
11.700811 -1.767040 99915.861792
11.770523 0.532460 99916.149887
13.881121 -2.075642 99964.496893
12.190103 -3.723988 100009.880224
14.370413 -4.032589 100058.515325
12.679395 -5.680935 100103.898655
14.223147 -6.788724 100065.526630
14.742085 -5.605022 100072.351286
