%x y p 8
-17.110156 5.791231 100975.940055
-18.555078 7.082566 100870.427637
-20.000000 8.373901 100764.915219
-18.555078 5.069445 101091.678642
-20.000000 6.360780 100986.166224
-20.000000 4.347659 101207.417230
-16.443190 8.070669 100670.486633
-16.776673 6.930950 100823.213344
-14.997686 7.419179 100673.003044
-15.331169 6.279460 100825.729755
-13.552183 6.767689 100675.519455
-18.221595 8.222285 100717.700926
-12.066850 4.131436 100793.903283
-13.977000 3.425907 100963.900985
-15.887151 2.720379 101133.898686
-11.845336 2.184801 100858.237811
-13.755486 1.479273 101028.235512
-11.623821 0.238167 100922.572339
-12.809516 5.449562 100734.711369
-14.719667 4.744034 100904.709070
-16.498653 4.255805 101054.919371
-17.943575 3.534019 101170.657958
-20.000000 2.174991 101318.205274
-20.000000 0.002323 101428.993319
-17.943575 1.361351 101281.446002
-20.000000 -4.344289 101161.835801
-17.836901 -3.354819 101159.067638
-15.673802 -2.365349 101156.299475
-20.000000 -2.170983 101295.414560
-17.836901 -1.181513 101292.646397
-13.648812 -1.063591 101039.435907
-15.780477 0.177515 101145.099081
-17.054562 -5.778345 101017.614487
-18.527281 -5.061317 101089.725144
-18.527281 -7.076123 100913.643507
-20.000000 -6.359095 100985.754165
-20.000000 -8.373901 100809.672528
-16.364182 -4.071847 101086.956981
-16.427244 -8.066638 100840.255950
-16.740903 -6.922491 100928.935218
-18.213622 -8.220270 100824.964239
-14.934398 -7.367047 100850.620874
-13.441552 -6.667455 100860.985798
-15.248057 -6.222900 100939.300142
-14.557677 -4.516402 101008.642637
-12.000818 -3.828322 100889.695269
-11.812320 -1.795078 100906.133804
-13.837310 -3.096836 101022.997372
-12.721185 -5.247889 100875.340533
5.928701 -16.994130 100953.268112
5.064730 -18.497065 101100.704484
4.200758 -20.000000 101248.140856
7.151301 -18.497065 100893.860360
6.287330 -20.000000 101041.296732
8.373901 -20.000000 100834.452608
8.031154 -16.265209 100739.094458
6.979927 -16.629669 100846.181285
8.202527 -18.132604 100786.773533
7.362110 -14.867700 100676.001431
6.693066 -13.470192 100612.908404
6.310883 -15.232161 100783.088258
-2.429148 -16.366214 101202.660376
-3.449258 -18.183107 101184.290875
-4.469368 -20.000000 101165.921374
-1.319183 -18.183107 101323.898784
-2.339293 -20.000000 101305.529284
-0.209219 -20.000000 101445.137193
4.559600 -16.216834 101014.577074
3.190498 -15.439538 101075.886036
3.695628 -17.719769 101162.013446
4.941782 -14.454865 100844.397220
1.995770 -20.000000 101346.639025
1.490639 -17.719769 101260.511614
3.905845 -12.015539 100707.946006
3.548172 -13.727538 100891.916021
5.299455 -12.742866 100660.427205
-1.254382 -15.756393 101171.957684
-0.144418 -17.573286 101293.196093
-0.079617 -15.146571 101141.254992
-3.100779 -14.177071 101027.971092
-1.926014 -13.567250 100997.268401
-3.772411 -11.987928 100853.281809
1.555441 -15.293055 101108.570514
0.130633 -11.622692 100828.659088
-1.820889 -11.805310 100840.970449
0.025508 -13.384632 100984.957040
2.018239 -11.819116 100768.302547
1.660565 -13.531115 100952.272562
-4.688443 -16.273681 101055.607718
-3.558795 -16.319948 101129.134047
-4.230427 -14.130805 100954.444764
-4.578905 -18.136841 101110.764546
-6.384866 -16.985343 100970.587606
-7.379383 -18.492672 100891.246705
-8.373901 -20.000000 100811.905804
-5.427117 -18.492672 101068.254490
-6.421634 -20.000000 100988.913589
-7.222125 -16.687985 100908.503996
-8.059384 -16.390627 100846.420386
-8.216642 -18.195314 100829.163095
-5.536654 -16.629512 101013.097662
-6.737687 -13.515664 100831.808058
-5.713065 -14.894673 100943.707888
-5.255049 -12.751796 100842.544933
-7.398536 -14.953146 100839.114222
-6.561276 -15.250504 100901.197832
6.334216 16.990048 100976.249053
7.187061 16.646561 100933.162343
8.039905 16.303074 100890.075632
7.354059 18.495024 100903.570700
8.206903 18.151537 100860.483990
8.373901 20.000000 100830.892347
7.354797 14.874146 100882.817124
6.501953 15.217633 100925.903834
6.669690 13.445218 100875.558615
4.348251 16.109074 101081.016332
5.508971 14.777146 100978.287474
5.341234 16.549561 101028.632692
5.279271 18.495024 101087.528348
6.299113 20.000000 101014.849995
4.224325 20.000000 101198.807643
4.286288 18.054537 101139.911988
-5.870398 17.102645 100960.657297
-5.172113 18.551322 101093.017560
-4.473828 20.000000 101225.377823
-7.122149 18.551322 100867.745266
-6.423864 20.000000 101000.105528
-8.373901 20.000000 100774.833234
-8.070117 16.440575 100625.126342
-6.970257 16.771610 100792.891820
-8.222009 18.220288 100699.979788
5.198468 12.712776 100873.689790
4.037748 14.044705 100976.418648
3.727245 11.980335 100871.820964
-0.190336 20.000000 101502.519206
0.438576 18.138382 101384.320681
1.067489 16.276763 101266.122157
2.016994 20.000000 101350.663424
2.645907 18.138382 101232.464900
2.707870 16.192919 101173.569244
2.397367 14.128549 101068.971560
-3.561088 17.964208 101184.216006
-2.648348 15.928416 101143.054189
-2.332082 20.000000 101363.948514
-1.419342 17.964208 101322.786698
-4.259373 16.515531 101051.855743
-0.790430 16.102590 101204.588173
-0.170286 11.623133 100852.092942
1.778479 11.801734 100861.956953
0.448601 13.949948 101059.107549
-1.409317 13.775775 100997.573566
-7.428300 15.006948 100604.371008
-6.786484 13.573320 100583.615673
-6.328441 15.337982 100772.136485
-4.717416 14.750868 100863.334931
-3.983570 12.032313 100771.098728
-2.076928 11.827723 100811.595835
-3.315959 13.980365 100957.076459
-5.385027 12.802817 100677.357201
16.752945 -6.144304 100936.506303
18.376472 -7.259102 100880.528381
20.000000 -8.373901 100824.550459
18.376472 -5.257122 101082.596900
20.000000 -6.371921 101026.618978
20.000000 -4.369941 101228.687497
16.082803 -7.986155 100713.175391
18.041402 -8.180028 100768.862925
16.417874 -7.065229 100824.840847
20.000000 0.000967 101394.744675
18.089778 -0.174980 101309.617814
16.179555 -0.350927 101224.490953
20.000000 -2.184487 101311.716086
18.089778 -2.360434 101226.589225
16.103320 -4.940205 100993.096635
17.726848 -4.053024 101139.187232
15.453696 -3.736106 101049.686967
15.816626 -2.043517 101137.088960
14.599574 -7.156073 100672.859389
14.934644 -6.235147 100784.524845
13.116344 -6.325991 100632.543388
14.285020 -5.031049 100841.115178
20.000000 4.371220 101158.904724
18.126415 3.592639 101166.826711
16.252829 2.814059 101174.748697
20.000000 2.186093 101276.824699
18.126415 1.407513 101284.746686
16.216192 1.231566 101199.619825
20.000000 6.372560 100980.657918
20.000000 8.373901 100802.411111
18.514677 5.028957 101086.473438
18.514677 7.030297 100908.226632
17.029354 5.686693 101014.042153
16.095442 7.987494 100851.601977
16.562398 6.837093 100932.822065
18.047721 8.180697 100827.006544
16.641091 4.250376 101094.395425
14.525316 7.053903 100841.721224
12.955190 6.120312 100831.840472
14.992272 5.903503 100922.941312
14.604010 4.467186 101003.294585
11.716124 1.915072 100896.471993
13.984477 2.364566 101035.610345
12.335657 4.017692 100864.156232
13.947840 0.782072 101060.481473
11.783402 -0.485742 100860.263972
11.850681 -2.886557 100824.055952
14.015118 -1.618742 101024.273452
12.483512 -4.606274 100728.299670
13.652188 -3.311332 100936.871460
