%x y T2 8
-16.558699 -14.476607 900.686064
-18.279350 -13.049561 899.760718
-20.000000 -11.622514 898.835372
-15.999999 -13.331154 899.919177
-17.720649 -11.904107 898.993831
-15.441298 -12.185700 899.152290
-14.394943 -14.892587 900.000258
-13.836242 -13.747134 899.233371
-12.231186 -15.308567 899.314453
-11.926850 -17.654283 898.834177
-11.622514 -20.000000 898.353900
-14.033626 -16.190634 900.055375
-13.729290 -18.536350 899.575099
-15.836067 -17.072700 900.796297
-16.197383 -15.774654 900.741181
-20.000000 -15.650199 900.447512
-20.000000 -13.636356 899.641442
-18.279350 -15.063403 900.566788
-17.918033 -16.361450 900.621905
-15.644984 -20.000000 900.167098
-15.740525 -18.536350 900.481697
-13.633749 -20.000000 899.260499
-20.000000 -17.825099 899.907328
-17.918033 -18.536350 900.081721
-20.000000 -20.000000 899.367144
-17.822492 -20.000000 899.767121
-11.622514 20.000000 898.328206
-11.913866 17.692801 895.703075
-12.205219 15.385602 893.077944
-13.584621 20.000000 899.254330
-13.875974 17.692801 896.629199
-15.546728 20.000000 900.180454
-16.049447 18.072986 899.136210
-16.552166 16.145972 898.091966
-17.773364 20.000000 899.779587
-18.276083 18.072986 898.735344
-20.000000 20.000000 899.378721
-14.378692 15.765787 895.584955
-20.000000 15.581421 900.263242
-20.000000 17.790711 899.820982
-18.276083 15.863697 899.177604
-18.067830 14.157060 899.225504
-19.033915 14.869241 899.744373
-17.309998 15.151516 898.658735
-15.951015 14.181472 895.653654
-13.777542 13.801287 893.146642
-15.349864 12.216972 893.215341
-16.708847 13.187016 896.220423
-19.033915 12.889787 899.220399
-20.000000 11.622514 899.215295
-20.000000 13.601967 899.739268
-17.674932 11.919743 896.215318
6.539928 6.678820 898.267992
7.312847 5.077719 898.652209
8.085767 3.476619 899.036427
5.256330 5.409111 899.571778
6.029250 3.808011 899.955996
3.972733 4.139403 900.875564
4.935503 7.397775 898.241984
3.651906 6.128066 899.545771
3.331079 8.116730 898.215977
4.909531 1.189137 900.230638
6.497649 2.332878 899.633533
6.637239 0.255900 898.910999
8.225357 1.399641 898.313893
8.364947 -0.677337 897.591359
4.441132 2.664270 900.553101
1.250479 5.528927 900.295548
0.444896 6.950193 898.494126
-0.360687 8.371460 896.692704
2.290779 6.822828 899.255763
1.485196 8.244095 897.454340
2.611606 4.834165 900.585556
-0.100516 5.373620 899.454879
-1.451510 5.218314 898.614209
-0.906099 6.794887 897.653456
-2.847742 6.551399 896.948575
-4.243975 7.884485 895.282940
-2.302331 8.127972 895.987822
7.516923 -5.306122 893.669859
5.655531 -3.922934 895.667125
3.794139 -2.539746 897.664392
7.940935 -2.991730 895.630609
6.079543 -1.608542 897.627875
4.351835 -0.675305 898.947515
2.642376 1.345744 899.619167
2.084680 -0.518697 898.336044
0.375220 1.502351 899.007696
2.173977 2.820877 899.941630
0.812849 3.515639 899.651622
-0.538145 3.360332 898.810952
-0.294566 -3.745581 899.815268
0.040327 -1.121615 899.411482
1.749787 -3.142664 898.739830
-2.981050 4.087833 898.164011
-4.510591 2.957352 897.713814
-4.377283 5.420918 896.498377
-2.067685 2.229852 898.360755
-7.516923 5.306122 895.159440
-5.880449 6.595303 895.221190
-6.013757 4.131737 896.436627
5.689634 -6.651264 894.965344
3.862345 -7.996405 896.260830
3.828242 -5.268075 896.962611
1.783889 -5.870993 898.038049
-3.967837 -1.083784 900.076862
-1.796309 0.209284 899.542279
-2.131202 -2.414682 899.946065
-4.239214 0.936784 898.895338
-1.220476 -8.344641 898.271431
-0.757521 -6.045111 899.043349
1.320935 -8.170523 897.266130
-3.616737 -4.839585 900.452317
-1.955652 -4.292583 900.133793
-2.418607 -6.592113 899.361874
-3.792287 -2.961684 900.264590
-6.440852 1.669427 897.715716
-8.371113 0.381503 897.717619
-7.944018 2.843812 896.438529
-6.169475 -0.351140 898.897240
-8.129967 -1.924185 898.417238
-5.928329 -2.656828 899.596860
-7.888821 -4.229872 899.116858
-5.752779 -4.534729 899.784588
-5.672529 -7.330605 898.284634
-6.780675 -5.780239 898.700746
-4.644633 -6.085095 899.368476
-3.446502 -7.837623 898.278032
17.681793 -14.742965 899.338173
18.840897 -13.182739 899.076704
20.000000 -11.622514 898.815236
18.840897 -15.146639 899.899092
20.000000 -13.586413 899.637623
20.000000 -15.550313 900.460011
17.519816 -16.080178 898.931638
18.678919 -16.483852 899.492557
17.357838 -17.417391 898.525103
18.678919 -18.708695 898.955411
20.000000 -17.775156 899.922864
20.000000 -20.000000 899.385718
16.565228 -13.464047 896.091792
15.448663 -12.185130 892.845412
17.724332 -11.903822 895.830324
16.263339 -15.704985 898.323743
14.844885 -16.667005 897.309313
15.146774 -14.426067 895.077362
16.101362 -17.042198 897.917208
16.502748 -18.708695 899.187800
17.823829 -20.000000 899.618108
15.647657 -20.000000 899.850497
15.246271 -18.333503 898.579905
12.248699 -15.257365 892.463269
13.848681 -13.721248 892.654341
13.546792 -15.962185 894.886291
13.635085 -20.000000 899.176987
11.622514 -20.000000 898.503478
13.233699 -18.333503 897.906395
11.935606 -17.628683 895.483374
20.000000 15.561168 900.242890
17.832855 16.359945 900.550838
15.665711 17.158722 900.858787
20.000000 17.780584 899.804158
17.832855 18.579361 900.112107
20.000000 20.000000 899.365427
15.604195 20.000000 899.865048
17.802098 20.000000 899.615238
15.634953 18.579361 900.361918
13.613354 20.000000 899.192676
13.644112 18.579361 899.689545
11.622514 20.000000 898.520304
16.678422 14.383771 900.715476
16.172067 15.771247 900.787132
18.339211 14.972470 900.479183
20.000000 13.591841 899.702799
20.000000 11.622514 899.162709
18.339211 13.003142 899.939092
12.222622 15.333257 899.335834
11.922568 17.666629 898.928069
13.944166 16.245990 900.097310
14.450522 14.858514 900.025655
15.392493 12.203405 899.164269
13.807557 13.768331 899.250052
16.035458 13.293588 899.939873
17.696246 11.912959 899.163489
