%x y T2 8
-16.213395 8.018854 568.874668
-14.798691 7.314250 569.321245
-13.383988 6.609646 569.767821
-16.432150 6.427681 565.825960
-15.017446 5.723077 566.272537
-16.650905 4.836508 562.777253
-18.106697 8.196377 568.743068
-18.325453 6.605205 565.694360
-20.000000 8.373901 568.611467
-12.685977 5.188572 569.411577
-11.987966 3.767499 569.055334
-14.319436 4.302004 565.916293
-16.670728 3.352322 563.202837
-14.339259 2.817817 566.341878
-16.690551 1.868135 563.628421
-18.325453 4.485154 564.047856
-18.345276 3.000967 564.473440
-20.000000 4.133799 565.318460
-20.000000 6.253850 566.964963
-11.805327 1.940233 570.443470
-11.622689 0.112968 571.831606
-14.156620 0.990552 567.730013
-16.827983 0.281119 565.798212
-14.294052 -0.596465 569.899804
-16.965414 -1.305897 567.968002
-18.345276 0.814664 565.629371
-20.000000 -0.238808 567.630320
-20.000000 1.947496 566.474390
-18.482707 -0.772353 567.799161
-11.976298 -3.706007 577.849767
-13.657758 -3.762397 574.869571
-15.339217 -3.818786 571.889374
-11.799494 -1.796520 574.840686
-13.480953 -1.852909 571.860490
-16.152316 -2.562342 569.928688
-12.719187 -5.195737 581.716503
-13.462075 -6.685467 585.583239
-14.400646 -5.252127 578.736307
-16.639242 -4.685419 570.092136
-17.939267 -5.552052 568.294897
-17.452341 -3.428975 568.131450
-20.000000 -2.334709 566.629511
-18.482707 -2.868254 566.798352
-20.000000 -4.430611 565.628703
-18.969633 -4.991331 566.961800
-14.892161 -7.364865 582.032067
-16.322247 -8.044262 578.480895
-15.830732 -5.931524 575.185135
-17.130757 -6.798157 573.387896
-18.969633 -6.962976 569.215199
-18.161123 -8.209081 574.308198
-20.000000 -8.373901 570.135500
-20.000000 -6.402256 567.882101
8.056679 -16.378080 570.060993
6.863519 -16.790300 566.961436
5.670358 -17.202519 563.861879
7.415773 -14.969129 568.946137
6.222613 -15.381348 565.846580
6.774867 -13.560177 567.831281
8.215290 -18.189040 569.258552
8.373901 -20.000000 568.456110
7.022129 -18.601259 566.158995
3.949001 -12.024925 570.607386
3.269340 -14.011779 567.029642
2.589679 -15.998632 563.451897
2.030756 -11.823859 571.205513
1.351095 -13.810712 567.627769
0.112511 -11.622792 571.803640
5.361934 -12.792551 569.219334
4.682273 -14.779404 565.641589
4.130019 -16.600575 563.656888
5.008266 -18.601259 564.762513
6.360038 -20.000000 567.059629
4.346174 -20.000000 565.663147
3.467927 -17.999316 564.557522
-0.542906 -13.998242 569.911298
-1.198322 -16.373692 568.018955
-1.825475 -11.804936 574.287887
-2.480892 -14.180386 572.395544
-3.763461 -11.987080 576.772133
0.695678 -16.186162 565.735426
2.169484 -20.000000 566.520013
-0.007206 -20.000000 567.376880
1.291237 -17.999316 565.414388
-0.602764 -18.186846 567.697918
-4.485507 -16.196480 572.529254
-4.124484 -14.091780 574.650693
-2.841914 -16.285086 570.274105
-6.693615 -13.466613 582.923473
-5.228538 -12.726847 579.847803
-5.589561 -14.831546 577.726363
-2.181907 -20.000000 566.364048
-4.356608 -20.000000 565.351217
-2.777465 -18.186846 566.685086
-4.421057 -18.098240 568.940236
-5.454236 -16.616517 572.243813
-6.422965 -17.036554 571.958372
-6.558290 -15.251583 577.440923
-5.389787 -18.518277 568.654795
-8.046478 -16.332256 578.591006
-7.370046 -14.899435 580.757239
-7.234722 -16.684405 575.274689
-7.398433 -18.518277 570.849566
-6.365254 -20.000000 567.545988
-8.373901 -20.000000 569.740759
-8.210189 -18.166128 574.165882
8.028523 16.253985 581.002809
7.132270 16.558616 576.481792
6.236016 16.863247 571.960776
8.201212 18.126992 574.732044
7.304959 18.431624 570.211027
8.373901 20.000000 568.461278
5.237759 18.431624 568.821186
4.239502 20.000000 565.681597
6.306701 20.000000 567.071438
7.339174 14.839113 582.689765
6.649826 13.424242 584.376721
6.442921 15.143745 578.168749
5.147988 16.212131 571.953365
4.059959 15.561015 571.945955
4.149730 17.780508 568.813776
5.354892 14.492629 578.161338
-0.404901 20.000000 567.278524
1.917300 20.000000 566.480060
0.279452 17.907067 567.760765
2.601653 17.907067 566.962301
0.963805 15.814135 568.243005
2.511882 15.687575 570.094480
-6.531829 16.938867 564.753797
-7.452865 18.469434 567.340439
-8.373901 20.000000 569.927081
-5.627208 18.469434 565.032865
-6.548243 20.000000 567.619507
-4.722586 20.000000 565.311933
-5.574547 16.436335 564.088641
-4.669926 17.966901 564.367709
-4.617266 15.933803 563.423486
-3.127181 15.995245 563.351390
-3.179841 18.028343 564.295613
-1.637096 16.056687 563.279294
-1.020999 18.028343 565.278909
-0.336646 15.935411 565.761150
-2.563744 20.000000 566.295228
5.248561 12.713881 580.479896
3.847295 12.003520 576.583070
3.953627 13.782267 574.264512
2.405550 13.908827 572.413038
0.387235 13.718709 569.558916
-0.189336 11.623284 570.874827
-0.913216 13.839985 567.077060
1.828980 11.813402 573.728948
-8.071944 16.456511 570.070720
-8.222923 18.228256 569.998900
-7.301887 16.697689 567.412258
-7.417419 15.001661 569.714687
-6.647361 15.242839 567.056225
-6.762893 13.546810 569.358654
-5.690079 14.740306 566.391070
-5.444862 12.806266 570.003144
-4.372048 13.999762 567.035560
-4.126831 12.065721 570.647634
-2.158084 11.844502 570.761230
-2.881964 14.061204 566.963464
20.000000 4.386140 565.200979
18.497901 4.946031 567.639736
16.995803 5.505923 570.078494
20.000000 6.380020 566.964941
18.497901 6.939912 569.403699
20.000000 8.373901 568.728904
16.136695 7.999954 579.677376
18.068348 8.186927 574.203140
16.566249 6.752939 574.877935
17.340756 3.351451 569.964124
17.168279 4.428687 570.021309
18.670378 3.868795 567.582551
18.670378 1.680319 568.782543
20.000000 2.197664 566.400971
20.000000 0.009187 567.600963
14.639311 7.176671 581.211826
15.068864 5.929656 576.412385
13.141926 6.353388 582.746276
14.937039 3.593541 574.213515
14.039483 4.973465 578.479895
15.966421 4.549732 572.146004
16.138897 3.472496 572.088819
16.262506 2.018935 568.923744
17.592128 0.347803 567.742164
15.184256 0.686419 567.883365
15.060648 2.139980 571.048440
20.000000 -4.373964 565.629853
20.000000 -6.373932 567.836329
20.000000 -8.373901 570.042805
18.402387 -4.951537 564.657831
18.402387 -6.951505 566.864307
16.804775 -5.529110 563.685810
18.030715 -3.379104 564.849542
16.061430 -2.384244 564.069231
20.000000 -2.182388 566.615408
18.030715 -1.187528 565.835097
15.622843 -0.848912 565.976298
16.433102 -3.956677 563.877520
15.766898 -7.896514 569.910011
16.285836 -6.712812 566.797910
17.883449 -8.135207 569.976408
13.388637 3.212750 574.506039
11.840234 2.831960 574.798562
12.491080 4.592674 578.772419
13.512245 1.759190 571.340964
13.442534 -0.540311 568.796156
11.700811 -1.767040 569.708947
11.770523 0.532460 572.253755
13.881121 -2.075642 566.889089
12.190103 -3.723988 569.802570
14.370413 -4.032589 566.982711
12.679395 -5.680935 569.896192
14.223147 -6.788724 569.903101
14.742085 -5.605022 566.791001
