%x y T2 8
8.373901 20.000000 824.532196
9.998207 20.000000 829.339867
11.622514 20.000000 834.147537
9.111553 18.547827 827.796132
10.735859 18.547827 832.603802
9.849205 17.095654 831.060067
11.035914 16.214455 836.806353
11.922568 17.666629 838.350088
12.222622 15.333257 842.552640
8.938864 16.674819 828.136363
8.028523 16.253985 825.212659
8.201212 18.126992 824.872427
9.576080 14.481023 833.312705
9.712643 15.788338 832.186386
10.899351 14.907140 837.932672
8.802301 15.367504 829.262682
20.000000 8.373901 823.850986
18.068348 8.186927 824.515162
16.136695 7.999954 825.179338
20.000000 9.998207 828.958180
18.068348 9.811234 829.622356
20.000000 11.622514 834.065374
15.392493 12.203405 842.249464
17.696246 11.912959 838.157419
15.764594 10.101679 833.714401
11.601113 11.640273 840.799602
11.911868 13.486765 841.676121
13.496803 11.921839 841.524533
13.807557 13.768331 842.401052
10.588597 13.060648 837.056153
13.092849 9.265116 834.241890
14.242671 10.734260 838.245677
14.614772 8.632535 829.710614
12.346981 10.452694 837.520746
8.112953 13.952632 828.450642
6.649826 13.424242 823.588579
7.339174 14.839113 824.400619
8.881327 11.542019 835.186468
7.765576 12.483130 829.387524
9.228703 13.011521 834.249586
10.241220 11.591146 837.993035
-9.917985 17.852609 742.657744
-10.770249 18.926304 747.162063
-11.622514 20.000000 751.666382
-9.145943 18.926304 741.150147
-9.998207 20.000000 745.654466
-8.373901 20.000000 739.642551
13.117388 7.809252 828.563527
14.639311 7.176671 824.032251
13.141926 6.353388 822.885164
11.546639 8.820550 835.128879
11.571177 7.364686 829.450516
10.000429 8.375985 836.015868
10.800771 10.008129 838.407735
9.440878 9.959002 835.601168
9.937774 5.599863 827.236006
9.969101 6.987924 831.625937
11.539850 5.976626 825.060585
3.847295 12.003520 813.863595
5.248561 12.713881 818.726087
5.176368 10.935720 822.706339
6.577634 11.646082 827.568831
6.505441 9.867921 831.549083
7.693384 10.704970 833.367775
8.252935 9.121953 833.782475
-8.994965 17.154560 738.155977
-8.222923 18.228256 736.648381
-8.071944 16.456511 733.654210
-11.061602 16.619106 745.313065
-12.205219 15.385602 747.968386
-11.913866 17.692801 749.817384
-10.138582 15.921057 740.811298
10.889004 4.215911 818.461312
12.491080 4.592674 816.285890
11.840234 2.831960 809.686617
15.766898 -7.896514 730.709439
17.883449 -8.135207 734.272986
20.000000 -8.373901 737.836534
15.845899 -8.954737 734.651588
17.962450 -9.193430 738.215136
15.924900 -10.012959 738.593738
20.000000 -11.622514 749.387120
17.962450 -10.817736 743.990429
20.000000 -9.998207 743.611827
15.686782 -11.099045 742.588930
17.724332 -11.903822 747.985621
15.448663 -12.185130 746.584122
6.522684 8.273370 836.429870
8.270178 7.527402 838.663263
6.539928 6.678820 841.310658
8.238851 6.139341 834.273332
8.085767 3.476619 823.186577
7.312847 5.077719 832.248618
9.011771 4.538241 825.211292
9.963001 3.154289 816.436597
4.935503 7.397775 831.577061
3.331079 8.116730 821.843463
4.918260 8.992325 826.696273
3.589187 10.060125 817.853529
1.828980 11.813402 803.307522
1.570871 9.870007 807.297456
-0.189336 11.623284 792.751449
-0.360687 8.371460 799.166045
-0.275012 9.997372 795.958747
1.485196 8.244095 810.504754
-3.123163 9.969614 779.433394
-3.624997 11.017667 770.492222
-4.126831 12.065721 761.551050
-1.656249 10.796449 786.092422
-2.158084 11.844502 777.151250
-1.741925 9.170537 789.299720
-6.762893 13.546810 734.077308
-8.059978 13.098636 735.064563
-9.357063 12.650461 736.051819
-7.417419 15.001661 733.865759
-8.714504 14.553486 734.853014
-10.781141 14.018032 742.010102
-6.128558 10.823040 755.501778
-6.445726 12.184925 744.789543
-5.127695 11.444380 758.526414
-5.444862 12.806266 747.814179
-4.625860 10.396327 767.467586
-7.742811 11.736751 745.776799
-10.436654 11.965895 737.219282
-11.516246 11.281329 738.386746
-11.860732 13.333466 743.177566
-13.433055 11.749150 742.786538
-15.349864 12.216972 747.186331
-13.777542 13.801287 747.577359
10.168048 -4.020023 774.257969
10.934429 -2.893532 779.287436
11.700811 -1.767040 784.316903
11.423721 -4.850479 759.540071
12.190103 -3.723988 764.569538
12.679395 -5.680935 744.822173
12.597555 -8.686993 735.968905
12.638475 -7.183964 740.395539
14.182227 -8.291754 733.339172
14.223147 -6.788724 737.765806
14.261228 -9.349976 737.281321
11.468953 -6.058303 750.862712
11.428033 -7.561332 746.436077
10.258511 -6.435672 756.903250
10.213279 -5.227847 765.580609
10.032879 -1.222189 790.835090
8.364947 -0.677337 797.353278
11.770523 0.532460 797.001760
10.102590 1.077311 803.519947
8.225357 1.399641 810.269927
9.266497 -2.348680 785.805623
12.413863 -9.868672 736.698654
14.077535 -10.531655 738.011070
12.230170 -11.050351 737.428402
13.839417 -11.617741 742.006262
12.239435 -13.153858 742.001740
13.848681 -13.721248 746.579600
12.248699 -15.257365 746.575077
-3.683569 8.927049 779.768143
-2.302331 8.127972 789.634468
-4.243975 7.884485 780.102891
-5.186266 9.353762 767.802335
-13.304340 9.176234 736.551963
-14.327102 10.696603 741.869147
-12.410293 10.228782 737.469354
-7.458258 9.757556 754.264999
-6.515967 8.288278 766.565556
-8.787959 8.692072 753.028220
-9.072511 10.671267 744.540019
-10.152102 9.986701 745.707483
-12.448524 8.820867 739.681792
-11.554477 9.873415 740.599184
-11.592708 8.465500 742.811622
-10.190333 8.578786 747.919921
-14.758867 8.597544 735.093706
-16.213395 8.018854 733.635449
-15.781629 10.117913 740.410890
-17.856702 9.830509 741.650954
-18.928351 10.726511 745.959441
-20.000000 11.622514 750.267927
-16.603283 11.023740 744.418642
-17.674932 11.919743 748.727129
-17.035049 8.924681 737.643202
8.842485 -4.663073 775.259829
8.887717 -5.870897 766.582469
7.516923 -5.306122 776.261688
7.940935 -2.991730 786.807483
9.365662 -7.813686 754.522843
8.472814 -9.191700 752.142436
7.994868 -7.248911 764.202062
10.535184 -8.939347 744.055671
10.351492 -10.121026 744.785419
9.458136 -13.656393 737.731094
10.844153 -12.353372 737.579748
10.853418 -14.456879 742.153086
8.478864 -11.702527 740.198595
8.475839 -10.447113 746.170516
10.354517 -11.376439 738.813498
8.968500 -12.679460 738.964844
7.368661 -11.501239 746.976696
6.258458 -11.299951 753.754796
7.365636 -10.245825 752.948616
8.757408 -15.017237 735.322491
10.152689 -15.817723 739.744483
8.056679 -16.378080 732.913889
11.935606 -17.628683 748.144957
11.622514 -20.000000 749.714837
9.839596 -18.189040 741.314363
-7.516923 5.306122 776.922648
-8.152441 6.999097 764.975434
-5.880449 6.595303 778.512769
-13.344164 7.892940 735.733076
-13.383988 6.609646 734.914190
-14.798691 7.314250 734.274819
-12.488348 7.537573 738.862906
-10.836786 6.900157 751.820416
-12.110387 6.754901 743.367303
-11.214747 7.682828 747.316019
-9.812372 7.796114 752.424318
-9.176855 6.103139 764.371532
-18.928351 9.102205 740.181573
-20.000000 8.373901 738.712191
-20.000000 9.998207 744.490059
-18.106697 8.196377 736.173820
5.689634 -6.651264 779.662818
6.167579 -8.594052 767.603192
3.862345 -7.996405 783.063948
5.060401 -9.648178 768.409372
8.116502 -13.608285 735.173028
7.415773 -14.969129 732.764425
6.774867 -13.560177 732.614961
6.516663 -12.430064 743.184879
7.626866 -12.631352 736.406778
5.103729 -11.662438 760.215629
5.361934 -12.792551 749.645711
3.949001 -12.024925 766.676461
3.905673 -10.010665 774.870205
8.373901 -20.000000 737.682073
8.215290 -18.189040 735.297981
9.998207 -20.000000 743.698455
-12.685977 5.188572 752.188670
-11.412376 5.333828 760.641783
-11.987966 3.767499 769.463149
-9.752444 4.536810 773.192898
-10.179539 2.074501 784.928785
-7.944018 2.843812 788.658534
-8.371113 0.381503 800.394421
-1.220476 -8.344641 810.887151
1.320935 -8.170523 796.975549
-0.553983 -9.983717 803.617652
1.987428 -9.809599 789.706051
0.112511 -11.622792 796.348154
2.030756 -11.823859 781.512308
-2.300306 -9.192060 814.758001
-1.633813 -10.831136 807.488502
-3.380137 -10.039479 818.628851
-4.526333 -8.685042 829.826435
-5.672529 -7.330605 841.024020
-3.446502 -7.837623 825.955585
-3.571799 -11.013279 817.628364
-1.825475 -11.804936 806.488015
-3.763461 -11.987080 816.627877
-4.889126 -11.326249 823.226582
-6.014792 -10.665417 829.825286
-4.697464 -10.352448 824.227069
-5.843660 -8.998011 835.424653
-11.622689 0.112968 795.482908
-11.805327 1.940233 782.473029
-9.996901 0.247235 797.938665
-8.129967 -1.924185 814.567493
-7.888821 -4.229872 828.740566
-9.755755 -2.058452 812.111737
-11.976298 -3.706007 815.060385
-11.799494 -1.796520 805.271646
-9.932559 -3.967940 821.900475
-10.942137 -6.415643 829.728839
-11.459218 -5.060825 822.394612
-9.415479 -5.322758 829.234702
-7.116579 -7.931287 840.533628
-8.560628 -8.531969 840.043235
-6.780675 -5.780239 834.882293
-8.224725 -6.380921 834.391900
-7.287710 -9.598693 834.934261
-9.751383 -7.473806 834.886037
-11.351258 -7.385987 832.414190
-10.160504 -8.444150 837.571389
-11.760379 -8.356332 835.099542
-6.354203 -12.066015 828.100583
-5.228538 -12.726847 821.501878
-6.693615 -13.466613 826.375879
-8.280554 -11.790265 835.834363
-7.147673 -11.227841 832.829825
-7.487084 -12.628439 831.105121
-8.420591 -10.161117 837.938799
-12.202106 -6.550555 827.693401
-13.462075 -6.685467 825.657963
-12.719187 -5.195737 820.359174
-12.611227 -7.520900 830.378753
-12.647838 -8.774173 835.413239
-13.535296 -9.192014 835.726937
-13.498685 -7.938741 830.692450
-9.840504 -11.544198 838.799122
-11.400455 -11.298131 841.763880
-9.980542 -9.915050 840.903558
-11.580417 -9.827232 838.431711
-12.467875 -10.245073 838.745409
-9.400133 -14.428897 835.576213
-8.046874 -13.947755 830.976046
-8.723306 -15.380577 831.518026
-7.370046 -14.899435 826.917859
-8.046478 -16.332256 827.459839
-8.840344 -13.109581 835.705288
-10.400294 -12.863514 838.670047
-14.928771 -8.618138 831.507796
-16.322247 -8.044262 827.288655
-14.892161 -7.364865 826.473309
-9.844413 -17.007311 833.395479
-8.945446 -16.669784 830.427659
-9.109157 -18.503656 830.012521
-8.210189 -18.166128 827.044702
-8.373901 -20.000000 826.629564
-9.622273 -15.718104 834.485846
-14.488297 -10.688857 839.723722
-15.441298 -12.185700 843.720507
-15.881773 -10.114981 835.504581
-13.420877 -11.741916 842.742194
-11.815820 -13.303349 843.666206
-12.231186 -15.308567 845.568532
-13.836242 -13.747134 844.644520
-10.815659 -14.868732 840.572373
-11.037800 -16.157939 839.482005
-20.000000 -8.373901 825.818988
-18.161123 -8.209081 826.553822
-20.000000 -9.998207 830.910187
-18.161123 -9.833388 831.645020
-20.000000 -11.622514 836.001385
-17.720649 -11.904107 839.860946
-10.733463 -18.503656 834.771082
-11.622514 -20.000000 836.146685
-11.926850 -17.654283 840.857608
-9.998207 -20.000000 831.388124
