%x y u 8
-16.558699 -14.476607 -36.260813
-18.279350 -13.049561 -36.254623
-20.000000 -11.622514 -36.248433
-15.999999 -13.331154 -36.235757
-17.720649 -11.904107 -36.229567
-15.441298 -12.185700 -36.210701
-14.394943 -14.892587 -33.920199
-13.836242 -13.747134 -33.895143
-12.231186 -15.308567 -31.579584
-11.926850 -17.654283 -21.572445
-11.622514 -20.000000 -11.565306
-14.033626 -16.190634 -31.130223
-13.729290 -18.536350 -21.123084
-15.836067 -17.072700 -30.680862
-16.197383 -15.774654 -33.470837
-20.000000 -15.650199 -32.704247
-20.000000 -13.636356 -34.476340
-18.279350 -15.063403 -34.482530
-17.918033 -16.361450 -31.692554
-15.644984 -20.000000 -13.949700
-15.740525 -18.536350 -22.315281
-13.633749 -20.000000 -12.757503
-20.000000 -17.825099 -17.418157
-17.918033 -18.536350 -16.406465
-20.000000 -20.000000 -2.132068
-17.822492 -20.000000 -8.040884
-11.622514 20.000000 -5.958973
-11.913866 17.692801 6.965861
-12.205219 15.385602 19.890696
-13.584621 20.000000 -10.249244
-13.875974 17.692801 2.675591
-15.546728 20.000000 -14.539514
-16.049447 18.072986 1.496645
-16.552166 16.145972 17.532803
-17.773364 20.000000 -6.753357
-18.276083 18.072986 9.282802
-20.000000 20.000000 1.032800
-14.378692 15.765787 18.711750
-20.000000 15.581421 33.281491
-20.000000 17.790711 17.157146
-18.276083 15.863697 25.407147
-18.067830 14.157060 23.321559
-19.033915 14.869241 28.301525
-17.309998 15.151516 20.427181
-15.951015 14.181472 16.357685
-13.777542 13.801287 17.536631
-15.349864 12.216972 15.182566
-16.708847 13.187016 19.252063
-19.033915 12.889787 26.799948
-20.000000 11.622514 30.278337
-20.000000 13.601967 31.779914
-17.674932 11.919743 22.730452
6.539928 6.678820 -28.875389
7.312847 5.077719 -24.687986
8.085767 3.476619 -20.500584
5.256330 5.409111 -30.862054
6.029250 3.808011 -26.674651
3.972733 4.139403 -32.848719
4.935503 7.397775 -31.842428
3.651906 6.128066 -33.829093
3.331079 8.116730 -34.809467
4.909531 1.189137 -16.516981
6.497649 2.332878 -18.508783
6.637239 0.255900 -7.901826
8.225357 1.399641 -9.893627
8.364947 -0.677337 0.713329
4.441132 2.664270 -24.682850
1.250479 5.528927 -35.060166
0.444896 6.950193 -33.062857
-0.360687 8.371460 -31.065549
2.290779 6.822828 -34.934816
1.485196 8.244095 -32.937508
2.611606 4.834165 -33.954442
-0.100516 5.373620 -31.718068
-1.451510 5.218314 -28.375971
-0.906099 6.794887 -29.720760
-2.847742 6.551399 -26.311803
-4.243975 7.884485 -24.247635
-2.302331 8.127972 -27.656592
7.516923 -5.306122 19.093615
5.655531 -3.922934 15.763532
3.794139 -2.539746 12.433449
7.940935 -2.991730 9.903472
6.079543 -1.608542 6.573389
4.351835 -0.675305 -2.041766
2.642376 1.345744 -13.879196
2.084680 -0.518697 0.596019
0.375220 1.502351 -11.241411
2.173977 2.820877 -22.045065
0.812849 3.515639 -23.150789
-0.538145 3.360332 -19.808691
-0.294566 -3.745581 30.213167
0.040327 -1.121615 9.485878
1.749787 -3.142664 21.323308
-2.981050 4.087833 -18.684699
-4.510591 2.957352 -8.993426
-4.377283 5.420918 -16.620531
-2.067685 2.229852 -10.117419
-7.516923 5.306122 -16.289589
-5.880449 6.595303 -20.268612
-6.013757 4.131737 -12.641508
5.689634 -6.651264 23.152837
3.862345 -7.996405 27.212059
3.828242 -5.268075 19.822754
1.783889 -5.870993 28.712613
-3.967837 -1.083784 21.189159
-1.796309 0.209284 4.973874
-2.131202 -2.414682 25.701163
-4.239214 0.936784 6.097867
-1.220476 -8.344641 37.973394
-0.757521 -6.045111 34.093281
1.320935 -8.170523 32.592727
-3.616737 -4.839585 37.278216
-1.955652 -4.292583 33.745691
-2.418607 -6.592113 37.625805
-3.792287 -2.961684 29.233688
-6.440852 1.669427 -5.371031
-8.371113 0.381503 -1.748635
-7.944018 2.843812 -9.019112
-6.169475 -0.351140 9.720262
-8.129967 -1.924185 13.294208
-5.928329 -2.656828 24.763105
-7.888821 -4.229872 28.337050
-5.752779 -4.534729 32.807633
-5.672529 -7.330605 36.052077
-6.780675 -5.780239 32.194564
-4.644633 -6.085095 36.665146
-3.446502 -7.837623 37.012736
17.681793 -14.742965 -26.158402
18.840897 -13.182739 -29.817371
20.000000 -11.622514 -33.476340
18.840897 -15.146639 -29.770950
20.000000 -13.586413 -33.429919
20.000000 -15.550313 -33.383498
17.519816 -16.080178 -20.600460
18.678919 -16.483852 -24.213008
17.357838 -17.417391 -15.042517
18.678919 -18.708695 -7.436272
20.000000 -17.775156 -16.606763
20.000000 -20.000000 0.169973
16.565228 -13.464047 -23.977439
15.448663 -12.185130 -21.796476
17.724332 -11.903822 -27.636408
16.263339 -15.704985 -19.126390
14.844885 -16.667005 -12.094379
15.146774 -14.426067 -16.945427
16.101362 -17.042198 -13.568448
16.502748 -18.708695 -0.689291
17.823829 -20.000000 6.916954
15.647657 -20.000000 13.663935
15.246271 -18.333503 0.784778
12.248699 -15.257365 -19.957614
13.848681 -13.721248 -20.877045
13.546792 -15.962185 -16.025996
13.635085 -20.000000 9.585116
11.622514 -20.000000 5.506297
13.233699 -18.333503 -3.294041
11.935606 -17.628683 -7.225658
20.000000 15.561168 32.761772
17.832855 16.359945 31.118892
15.665711 17.158722 29.476012
20.000000 17.780584 17.955200
17.832855 18.579361 16.312320
20.000000 20.000000 3.148628
15.604195 20.000000 13.193588
17.802098 20.000000 8.171108
15.634953 18.579361 21.334800
13.613354 20.000000 12.109370
13.644112 18.579361 20.250583
11.622514 20.000000 11.025153
16.678422 14.383771 37.195387
16.172067 15.771247 33.335700
18.339211 14.972470 34.978579
20.000000 13.591841 33.581963
20.000000 11.622514 34.402154
18.339211 13.003142 35.798771
12.222622 15.333257 29.665218
11.922568 17.666629 20.345186
13.944166 16.245990 29.570615
14.450522 14.858514 33.430303
15.392493 12.203405 34.484640
13.807557 13.768331 32.074929
16.035458 13.293588 35.840013
17.696246 11.912959 34.443397
