%x y u 8
-16.213395 8.018854 -14.507165
-14.798691 7.314250 -14.238123
-13.383988 6.609646 -13.969081
-16.432150 6.427681 -14.950770
-15.017446 5.723077 -14.681728
-16.650905 4.836508 -15.394375
-18.106697 8.196377 -14.511592
-18.325453 6.605205 -14.955196
-20.000000 8.373901 -14.516018
-12.685977 5.188572 -11.383358
-11.987966 3.767499 -8.797635
-14.319436 4.302004 -12.096005
-16.670728 3.352322 -12.944140
-14.339259 2.817817 -9.645770
-16.690551 1.868135 -10.493905
-18.325453 4.485154 -13.984012
-18.345276 3.000967 -11.533777
-20.000000 4.133799 -12.573648
-20.000000 6.253850 -13.544833
-11.805327 1.940233 -4.410893
-11.622689 0.112968 -0.024151
-14.156620 0.990552 -5.259028
-16.827983 0.281119 -5.317891
-14.294052 -0.596465 -0.083014
-16.965414 -1.305897 -0.141878
-18.345276 0.814664 -4.633233
-20.000000 -0.238808 1.227439
-20.000000 1.947496 -5.673105
-18.482707 -0.772353 0.542781
-11.976298 -3.706007 6.235270
-13.657758 -3.762397 6.162375
-15.339217 -3.818786 6.089479
-11.799494 -1.796520 3.105559
-13.480953 -1.852909 3.032664
-16.152316 -2.562342 2.973801
-12.719187 -5.195737 7.416288
-13.462075 -6.685467 8.597306
-14.400646 -5.252127 7.343393
-16.639242 -4.685419 8.581310
-17.939267 -5.552052 11.073140
-17.452341 -3.428975 5.465631
-20.000000 -2.334709 6.984472
-18.482707 -2.868254 6.299814
-20.000000 -4.430611 12.741505
-18.969633 -4.991331 11.907323
-14.892161 -7.364865 9.095160
-16.322247 -8.044262 9.593015
-15.830732 -5.931524 7.841247
-17.130757 -6.798157 10.333077
-18.969633 -6.962976 12.333306
-18.161123 -8.209081 11.593244
-20.000000 -8.373901 13.593473
-20.000000 -6.402256 13.167489
8.056679 -16.378080 -8.150631
6.863519 -16.790300 -9.951395
5.670358 -17.202519 -11.752158
7.415773 -14.969129 -11.124476
6.222613 -15.381348 -12.925239
6.774867 -13.560177 -14.098321
8.215290 -18.189040 -5.035652
8.373901 -20.000000 -1.920673
7.022129 -18.601259 -6.836415
3.949001 -12.024925 -15.381045
3.269340 -14.011779 -14.693283
2.589679 -15.998632 -14.005521
2.030756 -11.823859 -14.476106
1.351095 -13.810712 -13.788344
0.112511 -11.622792 -13.571168
5.361934 -12.792551 -14.739683
4.682273 -14.779404 -14.051921
4.130019 -16.600575 -12.878839
5.008266 -18.601259 -8.682554
6.360038 -20.000000 -3.766812
4.346174 -20.000000 -5.612951
3.467927 -17.999316 -9.809236
-0.542906 -13.998242 -11.730608
-1.198322 -16.373692 -9.890048
-1.825475 -11.804936 -11.629107
-2.480892 -14.180386 -9.788547
-3.763461 -11.987080 -9.687046
0.695678 -16.186162 -11.947785
2.169484 -20.000000 -2.857782
-0.007206 -20.000000 -0.102613
1.291237 -17.999316 -7.054067
-0.602764 -18.186846 -4.996330
-4.485507 -16.196480 -7.632034
-4.124484 -14.091780 -8.659540
-2.841914 -16.285086 -8.761041
-6.693615 -13.466613 -8.038555
-5.228538 -12.726847 -8.862801
-5.589561 -14.831546 -7.835295
-2.181907 -20.000000 3.023889
-4.356608 -20.000000 6.150391
-2.777465 -18.186846 -1.869828
-4.421057 -18.098240 -0.740821
-5.454236 -16.616517 -5.727706
-6.422965 -17.036554 -3.823378
-6.558290 -15.251583 -5.930967
-5.389787 -18.518277 1.163507
-8.046478 -16.332256 -5.239772
-7.370046 -14.899435 -6.639164
-7.234722 -16.684405 -4.531575
-7.398433 -18.518277 -1.502986
-6.365254 -20.000000 3.483899
-8.373901 -20.000000 0.817406
-8.210189 -18.166128 -2.211183
8.028523 16.253985 6.610159
7.132270 16.558616 5.347994
6.236016 16.863247 4.085829
8.201212 18.126992 2.734956
7.304959 18.431624 1.472791
8.373901 20.000000 -1.140246
5.237759 18.431624 -0.680769
4.239502 20.000000 -5.447366
6.306701 20.000000 -3.293806
7.339174 14.839113 7.661629
6.649826 13.424242 8.713098
6.442921 15.143745 6.399464
5.147988 16.212131 5.420055
4.059959 15.561015 6.754281
4.149730 17.780508 0.653457
5.354892 14.492629 7.733689
-0.404901 20.000000 1.610967
1.917300 20.000000 -1.918200
0.279452 17.907067 6.032902
2.601653 17.907067 2.503735
0.963805 15.814135 10.454836
2.511882 15.687575 8.604558
-6.531829 16.938867 11.554242
-7.452865 18.469434 6.278065
-8.373901 20.000000 1.001887
-5.627208 18.469434 8.996171
-6.548243 20.000000 3.719993
-4.722586 20.000000 6.438099
-5.574547 16.436335 13.110117
-4.669926 17.966901 10.552045
-4.617266 15.933803 14.665991
-3.127181 15.995245 13.620951
-3.179841 18.028343 9.507005
-1.637096 16.056687 12.575911
-1.020999 18.028343 7.093439
-0.336646 15.935411 11.515374
-2.563744 20.000000 4.024533
5.248561 12.713881 9.028371
3.847295 12.003520 9.343644
3.953627 13.782267 8.048962
2.405550 13.908827 9.899240
0.387235 13.718709 12.065594
-0.189336 11.623284 13.676351
-0.913216 13.839985 13.126131
1.828980 11.813402 11.509998
-8.071944 16.456511 10.038894
-8.222923 18.228256 5.520391
-7.301887 16.697689 10.796568
-7.417419 15.001661 12.876553
-6.647361 15.242839 13.634227
-6.762893 13.546810 15.714211
-5.690079 14.740306 15.190101
-5.444862 12.806266 15.451164
-4.372048 13.999762 14.927054
-4.126831 12.065721 15.188116
-2.158084 11.844502 14.432234
-2.881964 14.061204 13.882013
20.000000 4.386140 -13.355977
18.497901 4.946031 -11.913568
16.995803 5.505923 -10.471159
20.000000 6.380020 -13.483384
18.497901 6.939912 -12.040975
20.000000 8.373901 -13.610791
16.136695 7.999954 -8.459835
18.068348 8.186927 -11.035313
16.566249 6.752939 -9.465497
17.340756 3.351451 -8.035843
17.168279 4.428687 -9.253501
18.670378 3.868795 -10.695910
18.670378 1.680319 -3.427495
20.000000 2.197664 -6.087562
20.000000 0.009187 1.180852
14.639311 7.176671 -7.743209
15.068864 5.929656 -8.748870
13.141926 6.353388 -7.026582
14.937039 3.593541 -5.614151
14.039483 4.973465 -6.320367
15.966421 4.549732 -8.042655
16.138897 3.472496 -6.824997
16.262506 2.018935 -2.990946
17.592128 0.347803 1.617402
15.184256 0.686419 2.053951
15.060648 2.139980 -1.780100
20.000000 -4.373964 12.678808
20.000000 -6.373932 13.467271
20.000000 -8.373901 14.255735
18.402387 -4.951537 13.875861
18.402387 -6.951505 14.664324
16.804775 -5.529110 15.072914
18.030715 -3.379104 11.690817
16.061430 -2.384244 10.702826
20.000000 -2.182388 6.929830
18.030715 -1.187528 5.941839
15.622843 -0.848912 6.378388
16.433102 -3.956677 12.887870
15.766898 -7.896514 13.914849
16.285836 -6.712812 14.493881
17.883449 -8.135207 14.085292
13.388637 3.212750 -4.966476
11.840234 2.831960 -4.318800
12.491080 4.592674 -5.672691
13.512245 1.759190 -1.132425
13.442534 -0.540311 4.066492
11.700811 -1.767040 6.079033
11.770523 0.532460 0.880116
13.881121 -2.075642 8.390929
12.190103 -3.723988 9.832802
14.370413 -4.032589 12.144698
12.679395 -5.680935 13.586570
14.223147 -6.788724 13.750710
14.742085 -5.605022 14.329742
