%x y v 8
-16.558699 -14.476607 -28.386482
-18.279350 -13.049561 -16.824242
-20.000000 -11.622514 -5.262002
-15.999999 -13.331154 -26.414511
-17.720649 -11.904107 -14.852271
-15.441298 -12.185700 -24.442540
-14.394943 -14.892587 -32.314518
-13.836242 -13.747134 -30.342547
-12.231186 -15.308567 -36.242554
-11.926850 -17.654283 -35.806607
-11.622514 -20.000000 -35.370661
-14.033626 -16.190634 -33.853609
-13.729290 -18.536350 -33.417663
-15.836067 -17.072700 -31.464665
-16.197383 -15.774654 -29.925574
-20.000000 -15.650199 -13.152844
-20.000000 -13.636356 -9.207423
-18.279350 -15.063403 -20.769663
-17.918033 -16.361450 -22.308755
-15.644984 -20.000000 -28.546013
-15.740525 -18.536350 -30.005339
-13.633749 -20.000000 -31.958337
-20.000000 -17.825099 -6.584235
-17.918033 -18.536350 -15.740145
-20.000000 -20.000000 -0.015626
-17.822492 -20.000000 -14.280819
-11.622514 20.000000 -31.494725
-11.913866 17.692801 -22.007676
-12.205219 15.385602 -12.520627
-13.584621 20.000000 -30.818424
-13.875974 17.692801 -21.331375
-15.546728 20.000000 -30.142123
-16.049447 18.072986 -21.905204
-16.552166 16.145972 -13.668285
-17.773364 20.000000 -14.193403
-18.276083 18.072986 -5.956484
-20.000000 20.000000 1.755317
-14.378692 15.765787 -13.094456
-20.000000 15.581421 16.681268
-20.000000 17.790711 9.218293
-18.276083 15.863697 1.506492
-18.067830 14.157060 -2.494505
-19.033915 14.869241 7.093382
-17.309998 15.151516 -8.081395
-15.951015 14.181472 -15.128939
-13.777542 13.801287 -14.555109
-15.349864 12.216972 -16.589592
-16.708847 13.187016 -9.542048
-19.033915 12.889787 1.001634
-20.000000 11.622514 4.497773
-20.000000 13.601967 10.589521
-17.674932 11.919743 -6.045909
6.539928 6.678820 -30.333314
7.312847 5.077719 -31.964427
8.085767 3.476619 -33.595540
5.256330 5.409111 -31.203085
6.029250 3.808011 -32.834197
3.972733 4.139403 -32.072855
4.935503 7.397775 -27.465305
3.651906 6.128066 -28.335075
3.331079 8.116730 -24.597295
4.909531 1.189137 -29.899845
6.497649 2.332878 -31.747693
6.637239 0.255900 -28.300762
8.225357 1.399641 -30.148609
8.364947 -0.677337 -26.701679
4.441132 2.664270 -30.986350
1.250479 5.528927 -19.356084
0.444896 6.950193 -8.799185
-0.360687 8.371460 1.757714
2.290779 6.822828 -21.976689
1.485196 8.244095 -11.419790
2.611606 4.834165 -25.714469
-0.100516 5.373620 -9.447783
-1.451510 5.218314 0.460517
-0.906099 6.794887 1.109116
-2.847742 6.551399 6.011729
-4.243975 7.884485 11.562941
-2.302331 8.127972 6.660328
7.516923 -5.306122 -16.698003
5.655531 -3.922934 -16.506763
3.794139 -2.539746 -16.315523
7.940935 -2.991730 -21.699841
6.079543 -1.608542 -21.508601
4.351835 -0.675305 -23.107684
2.642376 1.345744 -18.058540
2.084680 -0.518697 -11.266378
0.375220 1.502351 -6.217234
2.173977 2.820877 -19.145044
0.812849 3.515639 -12.786659
-0.538145 3.360332 -2.878358
-0.294566 -3.745581 13.582065
0.040327 -1.121615 3.682416
1.749787 -3.142664 -1.366729
-2.981050 4.087833 11.499032
-4.510591 2.957352 22.537546
-4.377283 5.420918 17.050243
-2.067685 2.229852 8.160156
-7.516923 5.306122 20.882692
-5.880449 6.595303 16.222816
-6.013757 4.131737 21.710119
5.689634 -6.651264 -13.338617
3.862345 -7.996405 -9.979231
3.828242 -5.268075 -13.147377
1.783889 -5.870993 1.801417
-3.967837 -1.083784 31.979132
-1.796309 0.209284 12.880949
-2.131202 -2.414682 22.780599
-4.239214 0.936784 27.258339
-1.220476 -8.344641 11.649734
-0.757521 -6.045111 12.615900
1.320935 -8.170523 0.835251
-3.616737 -4.839585 31.182228
-1.955652 -4.292583 22.382147
-2.418607 -6.592113 21.415981
-3.792287 -2.961684 31.580680
-6.440852 1.669427 25.571072
-8.371113 0.381503 28.604598
-7.944018 2.843812 24.743645
-6.169475 -0.351140 30.291865
-8.129967 -1.924185 29.189863
-5.928329 -2.656828 30.877131
-7.888821 -4.229872 29.775129
-5.752779 -4.534729 30.478679
-5.672529 -7.330605 29.073577
-6.780675 -5.780239 29.424353
-4.644633 -6.085095 30.127903
-3.446502 -7.837623 20.361656
17.681793 -14.742965 3.102525
18.840897 -13.182739 -0.672517
20.000000 -11.622514 -4.447559
18.840897 -15.146639 -5.714952
20.000000 -13.586413 -9.489994
20.000000 -15.550313 -14.532429
17.519816 -16.080178 6.712877
18.678919 -16.483852 -2.104600
17.357838 -17.417391 10.323229
18.678919 -18.708695 6.657192
20.000000 -17.775156 -5.770637
20.000000 -20.000000 2.991154
16.565228 -13.464047 9.712919
15.448663 -12.185130 16.323312
17.724332 -11.903822 5.937877
16.263339 -15.704985 13.843209
14.844885 -16.667005 24.583893
15.146774 -14.426067 20.453603
16.101362 -17.042198 17.453561
16.502748 -18.708695 20.485382
17.823829 -20.000000 16.819344
15.647657 -20.000000 30.647534
15.246271 -18.333503 27.615714
12.248699 -15.257365 12.671629
13.848681 -13.721248 14.497471
13.546792 -15.962185 18.627761
13.635085 -20.000000 29.353818
11.622514 -20.000000 28.060101
13.233699 -18.333503 26.321997
11.935606 -17.628683 20.365865
20.000000 15.561168 15.666914
17.832855 16.359945 24.611247
15.665711 17.158722 33.555579
20.000000 17.780584 10.060255
17.832855 18.579361 19.004588
20.000000 20.000000 4.453597
15.604195 20.000000 30.204936
17.802098 20.000000 17.329266
15.634953 18.579361 31.880258
13.613354 20.000000 31.921625
13.644112 18.579361 33.596946
11.622514 20.000000 33.638314
16.678422 14.383771 30.585478
16.172067 15.771247 32.070529
18.339211 14.972470 23.126196
20.000000 13.591841 10.886533
20.000000 11.622514 6.106151
18.339211 13.003142 18.345815
12.222622 15.333257 36.497267
11.922568 17.666629 35.067790
13.944166 16.245990 35.026423
14.450522 14.858514 33.541373
15.392493 12.203405 24.723853
13.807557 13.768331 30.610560
16.035458 13.293588 27.654666
17.696246 11.912959 15.415002
