%x y v 8
-16.213395 8.018854 -10.709236
-14.798691 7.314250 -11.968688
-13.383988 6.609646 -13.228140
-16.432150 6.427681 -11.914320
-15.017446 5.723077 -13.173772
-16.650905 4.836508 -13.119405
-18.106697 8.196377 -6.164505
-18.325453 6.605205 -7.369590
-20.000000 8.373901 -1.619775
-12.685977 5.188572 -12.530054
-11.987966 3.767499 -11.831968
-14.319436 4.302004 -12.475686
-16.670728 3.352322 -13.006347
-14.339259 2.817817 -12.362629
-16.690551 1.868135 -12.893290
-18.325453 4.485154 -9.325525
-18.345276 3.000967 -9.212468
-20.000000 4.133799 -5.531646
-20.000000 6.253850 -3.575711
-11.805327 1.940233 -10.368265
-11.622689 0.112968 -8.904563
-14.156620 0.990552 -10.898926
-16.827983 0.281119 -11.193940
-14.294052 -0.596465 -9.199576
-16.965414 -1.305897 -9.494590
-18.345276 0.814664 -6.726455
-20.000000 -0.238808 -0.559620
-20.000000 1.947496 -3.045633
-18.482707 -0.772353 -5.027105
-11.976298 -3.706007 -6.242894
-13.657758 -3.762397 -7.106791
-15.339217 -3.818786 -7.970688
-11.799494 -1.796520 -7.573728
-13.480953 -1.852909 -8.437625
-16.152316 -2.562342 -8.732639
-12.719187 -5.195737 -6.566990
-13.462075 -6.685467 -6.891086
-14.400646 -5.252127 -7.430887
-16.639242 -4.685419 -4.642168
-17.939267 -5.552052 -1.313648
-17.452341 -3.428975 -5.404119
-20.000000 -2.334709 2.383154
-18.482707 -2.868254 -2.084331
-20.000000 -4.430611 5.325928
-18.969633 -4.991331 2.006140
-14.892161 -7.364865 -6.428290
-16.322247 -8.044262 -5.965495
-15.830732 -5.931524 -6.968092
-17.130757 -6.798157 -3.639572
-18.969633 -6.962976 0.114061
-18.161123 -8.209081 -2.211863
-20.000000 -8.373901 1.541770
-20.000000 -6.402256 3.433849
8.056679 -16.378080 -11.932950
6.863519 -16.790300 -13.686051
5.670358 -17.202519 -15.439153
7.415773 -14.969129 -12.934465
6.222613 -15.381348 -14.687566
6.774867 -13.560177 -13.935980
8.215290 -18.189040 -12.115416
8.373901 -20.000000 -12.297883
7.022129 -18.601259 -13.868518
3.949001 -12.024925 -9.107710
3.269340 -14.011779 -10.446268
2.589679 -15.998632 -11.784827
2.030756 -11.823859 -6.251758
1.351095 -13.810712 -7.590317
0.112511 -11.622792 -3.395807
5.361934 -12.792551 -11.521845
4.682273 -14.779404 -12.860403
4.130019 -16.600575 -13.611990
5.008266 -18.601259 -14.259622
6.360038 -20.000000 -12.688987
4.346174 -20.000000 -13.080090
3.467927 -17.999316 -12.432459
-0.542906 -13.998242 -1.773427
-1.198322 -16.373692 -0.151047
-1.825475 -11.804936 1.022073
-2.480892 -14.180386 2.644453
-3.763461 -11.987080 5.439953
0.695678 -16.186162 -5.967937
2.169484 -20.000000 -6.901330
-0.007206 -20.000000 -0.722569
1.291237 -17.999316 -6.253698
-0.602764 -18.186846 -0.436808
-4.485507 -16.196480 7.933353
-4.124484 -14.091780 6.686653
-2.841914 -16.285086 3.891153
-6.693615 -13.466613 8.571116
-5.228538 -12.726847 7.005534
-5.589561 -14.831546 8.252234
-2.181907 -20.000000 6.318113
-4.356608 -20.000000 13.358796
-2.777465 -18.186846 6.603874
-4.421057 -18.098240 10.646074
-5.454236 -16.616517 8.832921
-6.422965 -17.036554 9.732488
-6.558290 -15.251583 9.151802
-5.389787 -18.518277 11.545642
-8.046478 -16.332256 9.634202
-7.370046 -14.899435 9.102659
-7.234722 -16.684405 9.683345
-7.398433 -18.518277 11.648172
-6.365254 -20.000000 13.461326
-8.373901 -20.000000 13.563856
-8.210189 -18.166128 11.599029
8.028523 16.253985 -5.874646
7.132270 16.558616 -7.502157
6.236016 16.863247 -9.129668
8.201212 18.126992 -8.633474
7.304959 18.431624 -10.260985
8.373901 20.000000 -11.392302
5.237759 18.431624 -11.086122
4.239502 20.000000 -13.042577
6.306701 20.000000 -12.217439
7.339174 14.839113 -7.113693
6.649826 13.424242 -8.352741
6.442921 15.143745 -8.741204
5.147988 16.212131 -8.228589
4.059959 15.561015 -7.327510
4.149730 17.780508 -10.185043
5.354892 14.492629 -7.840126
-0.404901 20.000000 1.288202
1.917300 20.000000 -5.877187
0.279452 17.907067 1.329316
2.601653 17.907067 -5.836073
0.963805 15.814135 1.370431
2.511882 15.687575 -2.978540
-6.531829 16.938867 15.982365
-7.452865 18.469434 14.978584
-8.373901 20.000000 13.974802
-5.627208 18.469434 14.854677
-6.548243 20.000000 13.850896
-4.722586 20.000000 13.726990
-5.574547 16.436335 15.389650
-4.669926 17.966901 14.261962
-4.617266 15.933803 14.796935
-3.127181 15.995245 12.373167
-3.179841 18.028343 11.838195
-1.637096 16.056687 9.949400
-1.020999 18.028343 5.618801
-0.336646 15.935411 5.659916
-2.563744 20.000000 7.507596
5.248561 12.713881 -7.566265
3.847295 12.003520 -6.779790
3.953627 13.782267 -7.053650
2.405550 13.908827 -2.704679
0.387235 13.718709 2.902966
-0.189336 11.623284 4.435500
-0.913216 13.839985 7.192450
1.828980 11.813402 -1.172145
-8.071944 16.456511 14.211250
-8.222923 18.228256 14.093026
-7.301887 16.697689 15.096807
-7.417419 15.001661 14.249586
-6.647361 15.242839 15.135144
-6.762893 13.546810 14.287922
-5.690079 14.740306 14.542428
-5.444862 12.806266 11.097378
-4.372048 13.999762 11.351884
-4.126831 12.065721 7.906834
-2.158084 11.844502 6.171167
-2.881964 14.061204 8.928117
20.000000 4.386140 -6.176540
18.497901 4.946031 -1.499562
16.995803 5.505923 3.177415
20.000000 6.380020 -3.792592
18.497901 6.939912 0.884386
20.000000 8.373901 -1.408643
16.136695 7.999954 5.823987
18.068348 8.186927 2.207672
16.566249 6.752939 4.500701
17.340756 3.351451 3.381354
17.168279 4.428687 3.279384
18.670378 3.868795 -1.397593
18.670378 1.680319 1.959925
20.000000 2.197664 -2.819022
20.000000 0.009187 0.538496
14.639311 7.176671 7.882238
15.068864 5.929656 6.558951
13.141926 6.353388 9.940488
14.937039 3.593541 9.634685
14.039483 4.973465 9.787586
15.966421 4.549732 6.406050
16.138897 3.472496 6.508020
16.262506 2.018935 7.259439
17.592128 0.347803 5.838010
15.184256 0.686419 11.137523
15.060648 2.139980 10.386104
20.000000 -4.373964 5.332303
20.000000 -6.373932 3.752123
20.000000 -8.373901 2.171943
18.402387 -4.951537 8.526690
18.402387 -6.951505 6.946510
16.804775 -5.529110 11.721077
18.030715 -3.379104 9.437093
16.061430 -2.384244 13.541883
20.000000 -2.182388 2.935400
18.030715 -1.187528 7.040190
15.622843 -0.848912 12.339703
16.433102 -3.956677 12.631480
15.766898 -7.896514 8.712835
16.285836 -6.712812 10.216956
17.883449 -8.135207 5.442389
13.388637 3.212750 10.362575
11.840234 2.831960 11.090465
12.491080 4.592674 10.515476
13.512245 1.759190 11.113994
13.442534 -0.540311 12.840046
11.700811 -1.767040 14.542569
11.770523 0.532460 12.816517
13.881121 -2.075642 14.042226
12.190103 -3.723988 14.632359
14.370413 -4.032589 14.132016
12.679395 -5.680935 14.722148
14.223147 -6.788724 11.717492
14.742085 -5.605022 13.221613
