%x y w 8
-16.558699 -14.476607 -46.518205
-18.279350 -13.049561 -38.860037
-20.000000 -11.622514 -31.201868
-15.999999 -13.331154 -39.189642
-17.720649 -11.904107 -31.531474
-15.441298 -12.185700 -31.861080
-14.394943 -14.892587 -38.871090
-13.836242 -13.747134 -31.542527
-12.231186 -15.308567 -31.223974
-11.926850 -17.654283 -31.092282
-11.622514 -20.000000 -30.960590
-14.033626 -16.190634 -40.939300
-13.729290 -18.536350 -40.807608
-15.836067 -17.072700 -50.654626
-16.197383 -15.774654 -48.586415
-20.000000 -15.650199 -53.394875
-20.000000 -13.636356 -42.298372
-18.279350 -15.063403 -49.956540
-17.918033 -16.361450 -52.024750
-15.644984 -20.000000 -52.685714
-15.740525 -18.536350 -51.670170
-13.633749 -20.000000 -41.823152
-20.000000 -17.825099 -55.036410
-17.918033 -18.536350 -53.666285
-20.000000 -20.000000 -56.677945
-17.822492 -20.000000 -54.681830
-11.622514 20.000000 -23.367567
-11.913866 17.692801 -26.064445
-12.205219 15.385602 -28.761323
-13.584621 20.000000 -38.527673
-13.875974 17.692801 -41.224551
-15.546728 20.000000 -53.687778
-16.049447 18.072986 -51.894382
-16.552166 16.145972 -50.100985
-17.773364 20.000000 -55.344594
-18.276083 18.072986 -53.551197
-20.000000 20.000000 -57.001410
-14.378692 15.765787 -39.431154
-20.000000 15.581421 -54.197250
-20.000000 17.790711 -55.599330
-18.276083 15.863697 -52.149118
-18.067830 14.157060 -41.333707
-19.033915 14.869241 -47.765479
-17.309998 15.151516 -45.717346
-15.951015 14.181472 -35.349716
-13.777542 13.801287 -24.679884
-15.349864 12.216972 -20.598446
-16.708847 13.187016 -30.966076
-19.033915 12.889787 -31.819257
-20.000000 11.622514 -22.304807
-20.000000 13.601967 -38.251028
-17.674932 11.919743 -21.451626
6.539928 6.678820 -26.726811
7.312847 5.077719 -33.867394
8.085767 3.476619 -41.007977
5.256330 5.409111 -39.401597
6.029250 3.808011 -46.542180
3.972733 4.139403 -52.076382
4.935503 7.397775 -31.834954
3.651906 6.128066 -44.509740
3.331079 8.116730 -36.943098
4.909531 1.189137 -50.968672
6.497649 2.332878 -45.988324
6.637239 0.255900 -43.143460
8.225357 1.399641 -38.163113
8.364947 -0.677337 -35.318249
4.441132 2.664270 -51.522527
1.250479 5.528927 -51.039408
0.444896 6.950193 -41.794452
-0.360687 8.371460 -32.549495
2.290779 6.822828 -43.991253
1.485196 8.244095 -34.746296
2.611606 4.834165 -51.557895
-0.100516 5.373620 -48.883920
-1.451510 5.218314 -46.728433
-0.906099 6.794887 -39.638964
-2.847742 6.551399 -40.890858
-4.243975 7.884485 -35.053283
-2.302331 8.127972 -33.801389
7.516923 -5.306122 -34.542636
5.655531 -3.922934 -40.475593
3.794139 -2.539746 -46.408549
7.940935 -2.991730 -34.930443
6.079543 -1.608542 -40.863399
4.351835 -0.675305 -48.688610
2.642376 1.345744 -51.599109
2.084680 -0.518697 -49.319048
0.375220 1.502351 -52.229547
2.173977 2.820877 -52.152965
0.812849 3.515639 -51.634478
-0.538145 3.360332 -49.478990
-0.294566 -3.745581 -49.014081
0.040327 -1.121615 -50.621814
1.749787 -3.142664 -47.711315
-2.981050 4.087833 -45.371541
-4.510591 2.957352 -44.014650
-4.377283 5.420918 -39.533967
-2.067685 2.229852 -48.122098
-7.516923 5.306122 -35.237362
-5.880449 6.595303 -35.145322
-6.013757 4.131737 -39.626006
5.689634 -6.651264 -33.004063
3.862345 -7.996405 -31.465489
3.828242 -5.268075 -38.937019
1.783889 -5.870993 -40.239785
-3.967837 -1.083784 -49.750577
-1.796309 0.209284 -50.990062
-2.131202 -2.414682 -49.382329
-4.239214 0.936784 -46.882613
-1.220476 -8.344641 -32.898613
-0.757521 -6.045111 -40.956347
1.320935 -8.170523 -32.182051
-3.616737 -4.839585 -46.579694
-1.955652 -4.292583 -47.796888
-2.418607 -6.592113 -39.739154
-3.792287 -2.961684 -48.165135
-6.440852 1.669427 -37.175390
-8.371113 0.381503 -30.336130
-7.944018 2.843812 -32.786746
-6.169475 -0.351140 -40.043353
-8.129967 -1.924185 -30.009549
-5.928329 -2.656828 -39.716772
-7.888821 -4.229872 -29.682967
-5.752779 -4.534729 -38.131330
-5.672529 -7.330605 -28.749149
-6.780675 -5.780239 -29.216058
-4.644633 -6.085095 -37.664422
-3.446502 -7.837623 -30.823881
17.681793 -14.742965 -48.760671
18.840897 -13.182739 -38.026316
20.000000 -11.622514 -27.291960
18.840897 -15.146639 -52.195185
20.000000 -13.586413 -41.460830
20.000000 -15.550313 -55.629700
17.519816 -16.080178 -52.024961
18.678919 -16.483852 -55.459475
17.357838 -17.417391 -55.289251
18.678919 -18.708695 -55.626843
20.000000 -17.775156 -55.797067
20.000000 -20.000000 -55.964435
16.565228 -13.464047 -42.885341
15.448663 -12.185130 -37.010011
17.724332 -11.903822 -32.150985
16.263339 -15.704985 -46.587473
14.844885 -16.667005 -44.414274
15.146774 -14.426067 -40.712142
16.101362 -17.042198 -49.851763
16.502748 -18.708695 -55.051261
17.823829 -20.000000 -55.388853
15.647657 -20.000000 -54.813271
15.246271 -18.333503 -49.613773
12.248699 -15.257365 -28.673410
13.848681 -13.721248 -32.841710
13.546792 -15.962185 -36.543842
13.635085 -20.000000 -40.920671
11.622514 -20.000000 -27.028071
13.233699 -18.333503 -35.721173
11.935606 -17.628683 -27.850740
20.000000 15.561168 -51.155490
17.832855 16.359945 -50.979382
15.665711 17.158722 -50.803274
20.000000 17.780584 -53.866743
17.832855 18.579361 -53.690635
20.000000 20.000000 -56.577995
15.604195 20.000000 -53.157303
17.802098 20.000000 -54.867649
15.634953 18.579361 -51.980288
13.613354 20.000000 -44.445276
13.644112 18.579361 -43.268261
11.622514 20.000000 -35.733249
16.678422 14.383771 -45.344342
16.172067 15.771247 -48.073808
18.339211 14.972470 -48.249916
20.000000 13.591841 -40.626907
20.000000 11.622514 -30.098324
18.339211 13.003142 -37.721333
12.222622 15.333257 -31.396324
11.922568 17.666629 -33.564786
13.944166 16.245990 -41.099799
14.450522 14.858514 -38.370333
15.392493 12.203405 -28.468965
13.807557 13.768331 -29.932644
16.035458 13.293588 -36.906654
17.696246 11.912959 -29.283645
