%x y w 8
-16.213395 8.018854 -13.770058
-14.798691 7.314250 -12.663058
-13.383988 6.609646 -11.556059
-16.432150 6.427681 -17.372632
-15.017446 5.723077 -16.265633
-16.650905 4.836508 -20.975207
-18.106697 8.196377 -13.961004
-18.325453 6.605205 -17.563579
-20.000000 8.373901 -14.151950
-12.685977 5.188572 -12.852140
-11.987966 3.767499 -14.148222
-14.319436 4.302004 -17.561715
-16.670728 3.352322 -21.281517
-14.339259 2.817817 -17.868024
-16.690551 1.868135 -21.587827
-18.325453 4.485154 -21.522709
-18.345276 3.000967 -21.829019
-20.000000 4.133799 -22.070211
-20.000000 6.253850 -18.111081
-11.805327 1.940233 -13.115163
-11.622689 0.112968 -12.082104
-14.156620 0.990552 -16.834965
-16.827983 0.281119 -21.006103
-14.294052 -0.596465 -16.253242
-16.965414 -1.305897 -20.424380
-18.345276 0.814664 -21.668716
-20.000000 -0.238808 -21.749606
-20.000000 1.947496 -21.909908
-18.482707 -0.772353 -21.086993
-11.976298 -3.706007 -11.369661
-13.657758 -3.762397 -13.865710
-15.339217 -3.818786 -16.361760
-11.799494 -1.796520 -11.725882
-13.480953 -1.852909 -14.221932
-16.152316 -2.562342 -18.393070
-12.719187 -5.195737 -12.049209
-13.462075 -6.685467 -12.728756
-14.400646 -5.252127 -14.545258
-16.639242 -4.685419 -17.943219
-17.939267 -5.552052 -19.524679
-17.452341 -3.428975 -19.974529
-20.000000 -2.334709 -21.974927
-18.482707 -2.868254 -21.312314
-20.000000 -4.430611 -22.200248
-18.969633 -4.991331 -20.862463
-14.892161 -7.364865 -13.295220
-16.322247 -8.044262 -13.861683
-15.830732 -5.931524 -15.111722
-17.130757 -6.798157 -16.693181
-18.969633 -6.962976 -15.805708
-18.161123 -8.209081 -12.974211
-20.000000 -8.373901 -12.086738
-20.000000 -6.402256 -17.143493
8.056679 -16.378080 -13.428191
6.863519 -16.790300 -16.054509
5.670358 -17.202519 -18.680827
7.415773 -14.969129 -12.804458
6.222613 -15.381348 -15.430777
6.774867 -13.560177 -12.180726
8.215290 -18.189040 -14.043854
8.373901 -20.000000 -14.659517
7.022129 -18.601259 -16.670172
3.949001 -12.024925 -14.032187
3.269340 -14.011779 -17.322925
2.589679 -15.998632 -20.613662
2.030756 -11.823859 -13.638589
1.351095 -13.810712 -16.929326
0.112511 -11.622792 -13.244991
5.361934 -12.792551 -13.106457
4.682273 -14.779404 -16.397194
4.130019 -16.600575 -19.647245
5.008266 -18.601259 -19.816322
6.360038 -20.000000 -17.805667
4.346174 -20.000000 -20.951818
3.467927 -17.999316 -20.782740
-0.542906 -13.998242 -16.660287
-1.198322 -16.373692 -20.075582
-1.825475 -11.804936 -12.840600
-2.480892 -14.180386 -16.255896
-3.763461 -11.987080 -12.436209
0.695678 -16.186162 -20.344622
2.169484 -20.000000 -21.460618
-0.007206 -20.000000 -21.969417
1.291237 -17.999316 -21.291540
-0.602764 -18.186846 -21.022500
-4.485507 -16.196480 -18.418060
-4.124484 -14.091780 -15.427135
-2.841914 -16.285086 -19.246821
-6.693615 -13.466613 -14.484150
-5.228538 -12.726847 -13.460179
-5.589561 -14.831546 -16.451105
-2.181907 -20.000000 -22.507705
-4.356608 -20.000000 -23.045992
-2.777465 -18.186846 -21.560787
-4.421057 -18.098240 -20.732026
-5.454236 -16.616517 -17.584012
-6.422965 -17.036554 -16.749964
-6.558290 -15.251583 -15.617057
-5.389787 -18.518277 -19.897978
-8.046478 -16.332256 -13.387055
-7.370046 -14.899435 -13.935603
-7.234722 -16.684405 -15.068510
-7.398433 -18.518277 -14.857186
-6.365254 -20.000000 -18.005200
-8.373901 -20.000000 -12.964409
-8.210189 -18.166128 -13.175732
8.028523 16.253985 -9.811639
7.132270 16.558616 -11.650364
6.236016 16.863247 -13.489090
8.201212 18.126992 -11.683661
7.304959 18.431624 -13.522386
8.373901 20.000000 -13.555682
5.237759 18.431624 -17.475000
4.239502 20.000000 -21.460910
6.306701 20.000000 -17.508296
7.339174 14.839113 -10.656727
6.649826 13.424242 -11.501815
6.442921 15.143745 -12.495452
5.147988 16.212131 -15.858491
4.059959 15.561015 -18.227893
4.149730 17.780508 -19.844402
5.354892 14.492629 -14.864854
-0.404901 20.000000 -22.067360
1.917300 20.000000 -21.764135
0.279452 17.907067 -21.653543
2.601653 17.907067 -21.350318
0.963805 15.814135 -21.239726
2.511882 15.687575 -19.733810
-6.531829 16.938867 -18.598851
-7.452865 18.469434 -16.023780
-8.373901 20.000000 -13.448708
-5.627208 18.469434 -20.518624
-6.548243 20.000000 -17.943552
-4.722586 20.000000 -22.438396
-5.574547 16.436335 -19.718324
-4.669926 17.966901 -21.638097
-4.617266 15.933803 -20.837797
-3.127181 15.995245 -21.582210
-3.179841 18.028343 -22.382510
-1.637096 16.056687 -22.326624
-1.020999 18.028343 -22.196992
-0.336646 15.935411 -21.783175
-2.563744 20.000000 -22.252878
5.248561 12.713881 -12.298832
3.847295 12.003520 -13.095848
3.953627 13.782267 -15.661871
2.405550 13.908827 -17.167787
0.387235 13.718709 -17.091451
-0.189336 11.623284 -12.943177
-0.913216 13.839985 -17.634900
1.828980 11.813402 -13.019512
-8.071944 16.456511 -13.898728
-8.222923 18.228256 -13.673718
-7.301887 16.697689 -16.248790
-7.417419 15.001661 -13.572288
-6.647361 15.242839 -15.922349
-6.762893 13.546810 -13.245847
-5.690079 14.740306 -17.041822
-5.444862 12.806266 -13.160187
-4.372048 13.999762 -16.956162
-4.126831 12.065721 -13.074526
-2.158084 11.844502 -13.008852
-2.881964 14.061204 -17.700575
20.000000 4.386140 -22.753149
18.497901 4.946031 -21.072443
16.995803 5.505923 -19.391737
20.000000 6.380020 -17.480278
18.497901 6.939912 -15.799572
20.000000 8.373901 -12.207406
16.136695 7.999954 -11.921076
18.068348 8.186927 -12.064241
16.566249 6.752939 -15.656406
17.340756 3.351451 -19.973531
17.168279 4.428687 -19.682634
18.670378 3.868795 -21.363340
18.670378 1.680319 -21.072002
20.000000 2.197664 -22.461811
20.000000 0.009187 -22.170472
14.639311 7.176671 -13.155644
15.068864 5.929656 -16.890974
13.141926 6.353388 -14.390211
14.937039 3.593541 -18.457774
14.039483 4.973465 -16.423993
15.966421 4.549732 -18.924755
16.138897 3.472496 -19.215652
16.262506 2.018935 -19.462588
17.592128 0.347803 -20.561059
15.184256 0.686419 -18.951646
15.060648 2.139980 -18.704710
20.000000 -4.373964 -21.737811
20.000000 -6.373932 -17.782743
20.000000 -8.373901 -13.827675
18.402387 -4.951537 -20.041860
18.402387 -6.951505 -16.086792
16.804775 -5.529110 -18.345909
18.030715 -3.379104 -21.377964
16.061430 -2.384244 -21.018117
20.000000 -2.182388 -21.954142
18.030715 -1.187528 -21.594294
15.622843 -0.848912 -19.984881
16.433102 -3.956677 -19.682013
15.766898 -7.896514 -11.753610
16.285836 -6.712812 -15.049759
17.883449 -8.135207 -12.790642
13.388637 3.212750 -14.924904
11.840234 2.831960 -11.392035
12.491080 4.592674 -12.891123
13.512245 1.759190 -15.171840
13.442534 -0.540311 -16.492124
11.700811 -1.767040 -14.032603
11.770523 0.532460 -12.712319
13.881121 -2.075642 -17.525360
12.190103 -3.723988 -12.894803
14.370413 -4.032589 -16.387560
12.679395 -5.680935 -11.757002
14.223147 -6.788724 -11.755306
14.742085 -5.605022 -15.051456
